400.00	0.760
400.50	0.762
401.00	0.768
401.50	0.772
402.00	0.776
402.50	0.780
403.00	0.783
403.50	0.788
404.00	0.792
404.50	0.795
405.00	0.797
405.50	0.801
406.00	0.806
406.50	0.809
407.00	0.813
407.50	0.815
408.00	0.820
408.50	0.822
409.00	0.827
409.50	0.830
410.00	0.833
410.50	0.835
411.00	0.839
411.50	0.841
412.00	0.846
412.50	0.848
413.00	0.852
413.50	0.855
414.00	0.859
414.50	0.862
415.00	0.866
415.50	0.869
416.00	0.872
416.50	0.875
417.00	0.879
417.50	0.883
418.00	0.887
418.50	0.890
419.00	0.894
419.50	0.897
420.00	0.902
420.50	0.905
421.00	0.907
421.50	0.910
422.00	0.916
422.50	0.918
423.00	0.921
423.50	0.923
424.00	0.927
424.50	0.929
425.00	0.932
425.50	0.935
426.00	0.937
426.50	0.938
427.00	0.941
427.50	0.941
428.00	0.943
428.50	0.942
429.00	0.944
429.50	0.947
430.00	0.947
430.50	0.947
431.00	0.948
431.50	0.948
432.00	0.949
432.50	0.950
433.00	0.950
433.50	0.950
434.00	0.950
434.50	0.951
435.00	0.951
435.50	0.951
436.00	0.949
436.50	0.950
437.00	0.951
437.50	0.951
438.00	0.953
438.50	0.952
439.00	0.952
439.50	0.952
440.00	0.951
440.50	0.953
441.00	0.953
441.50	0.953
442.00	0.954
442.50	0.953
443.00	0.952
443.50	0.954
444.00	0.955
444.50	0.955
445.00	0.956
445.50	0.958
446.00	0.958
446.50	0.959
447.00	0.960
447.50	0.960
448.00	0.962
448.50	0.963
449.00	0.964
449.50	0.965
450.00	0.965
450.50	0.966
451.00	0.965
451.50	0.967
452.00	0.967
452.50	0.968
453.00	0.968
453.50	0.967
454.00	0.968
454.50	0.966
455.00	0.968
455.50	0.967
456.00	0.966
456.50	0.963
457.00	0.962
457.50	0.959
458.00	0.958
458.50	0.954
459.00	0.950
459.50	0.946
460.00	0.941
460.50	0.936
461.00	0.931
461.50	0.924
462.00	0.917
462.50	0.908
463.00	0.902
463.50	0.892
464.00	0.884
464.50	0.874
465.00	0.862
465.50	0.853
466.00	0.842
466.50	0.832
467.00	0.820
467.50	0.810
468.00	0.797
468.50	0.788
469.00	0.777
469.50	0.765
470.00	0.754
470.50	0.743
471.00	0.732
471.50	0.721
472.00	0.710
472.50	0.700
473.00	0.690
473.50	0.680
474.00	0.670
474.50	0.660
475.00	0.651
475.50	0.642
476.00	0.632
476.50	0.624
477.00	0.617
477.50	0.608
478.00	0.601
478.50	0.593
479.00	0.586
479.50	0.580
480.00	0.573
480.50	0.568
481.00	0.562
481.50	0.555
482.00	0.549
482.50	0.544
483.00	0.539
483.50	0.532
484.00	0.530
484.50	0.525
485.00	0.519
485.50	0.515
486.00	0.510
486.50	0.506
487.00	0.502
487.50	0.498
488.00	0.494
488.50	0.491
489.00	0.488
489.50	0.484
490.00	0.481
490.50	0.477
491.00	0.476
491.50	0.472
492.00	0.469
492.50	0.467
493.00	0.463
493.50	0.460
494.00	0.458
494.50	0.455
495.00	0.453
495.50	0.451
496.00	0.448
496.50	0.445
497.00	0.443
497.50	0.440
498.00	0.439
498.50	0.436
499.00	0.435
499.50	0.431
500.00	0.430
500.50	0.429
501.00	0.426
501.50	0.424
502.00	0.422
502.50	0.421
503.00	0.419
503.50	0.417
504.00	0.414
504.50	0.414
505.00	0.412
505.50	0.410
506.00	0.408
506.50	0.405
507.00	0.404
507.50	0.403
508.00	0.400
508.50	0.400
509.00	0.397
509.50	0.396
510.00	0.394
510.50	0.393
511.00	0.391
511.50	0.389
512.00	0.387
512.50	0.386
513.00	0.384
513.50	0.381
514.00	0.380
514.50	0.377
515.00	0.375
515.50	0.374
516.00	0.372
516.50	0.371
517.00	0.368
517.50	0.366
518.00	0.365
518.50	0.363
519.00	0.359
519.50	0.358
520.00	0.356
520.50	0.353
521.00	0.351
521.50	0.349
522.00	0.347
522.50	0.345
523.00	0.343
523.50	0.340
524.00	0.338
524.50	0.336
525.00	0.335
525.50	0.331
526.00	0.329
526.50	0.327
527.00	0.326
527.50	0.323
528.00	0.321
528.50	0.320
529.00	0.318
529.50	0.316
530.00	0.314
530.50	0.311
531.00	0.309
531.50	0.307
532.00	0.305
532.50	0.303
533.00	0.302
533.50	0.300
534.00	0.297
534.50	0.297
535.00	0.295
535.50	0.292
536.00	0.291
536.50	0.290
537.00	0.287
537.50	0.286
538.00	0.284
538.50	0.284
539.00	0.282
539.50	0.280
540.00	0.279
540.50	0.278
541.00	0.276
541.50	0.275
542.00	0.273
542.50	0.272
543.00	0.271
543.50	0.271
544.00	0.269
544.50	0.268
545.00	0.268
545.50	0.265
546.00	0.265
546.50	0.263
547.00	0.263
547.50	0.263
548.00	0.261
548.50	0.261
549.00	0.259
549.50	0.260
550.00	0.258
550.50	0.259
551.00	0.257
551.50	0.257
552.00	0.257
552.50	0.256
553.00	0.254
553.50	0.254
554.00	0.254
554.50	0.253
555.00	0.252
555.50	0.253
556.00	0.253
556.50	0.251
557.00	0.252
557.50	0.251
558.00	0.251
558.50	0.251
559.00	0.251
559.50	0.251
560.00	0.250
560.50	0.250
561.00	0.250
561.50	0.250
562.00	0.250
562.50	0.250
563.00	0.250
563.50	0.249
564.00	0.249
564.50	0.249
565.00	0.249
565.50	0.249
566.00	0.249
566.50	0.249
567.00	0.250
567.50	0.249
568.00	0.249
568.50	0.249
569.00	0.250
569.50	0.250
570.00	0.249
570.50	0.251
571.00	0.249
571.50	0.251
572.00	0.251
572.50	0.250
573.00	0.251
573.50	0.251
574.00	0.252
574.50	0.252
575.00	0.251
575.50	0.252
576.00	0.253
576.50	0.252
577.00	0.253
577.50	0.253
578.00	0.254
578.50	0.255
579.00	0.254
579.50	0.254
580.00	0.255
580.50	0.257
581.00	0.257
581.50	0.258
582.00	0.257
582.50	0.257
583.00	0.257
583.50	0.259
584.00	0.259
584.50	0.259
585.00	0.258
585.50	0.261
586.00	0.261
586.50	0.260
587.00	0.260
587.50	0.262
588.00	0.262
588.50	0.262
589.00	0.263
589.50	0.263
590.00	0.263
590.50	0.264
591.00	0.265
591.50	0.264
592.00	0.266
592.50	0.265
593.00	0.266
593.50	0.267
594.00	0.266
594.50	0.267
595.00	0.268
595.50	0.268
596.00	0.269
596.50	0.268
597.00	0.268
597.50	0.270
598.00	0.270
598.50	0.269
599.00	0.269
599.50	0.271
600.00	0.271
600.50	0.271
601.00	0.272
601.50	0.273
602.00	0.272
602.50	0.273
603.00	0.273
603.50	0.274
604.00	0.274
604.50	0.274
605.00	0.274
605.50	0.276
606.00	0.275
606.50	0.275
607.00	0.276
607.50	0.277
608.00	0.276
608.50	0.277
609.00	0.277
609.50	0.278
610.00	0.279
610.50	0.279
611.00	0.279
611.50	0.279
612.00	0.281
612.50	0.280
613.00	0.281
613.50	0.282
614.00	0.284
614.50	0.283
615.00	0.284
615.50	0.285
616.00	0.285
616.50	0.286
617.00	0.286
617.50	0.287
618.00	0.288
618.50	0.289
619.00	0.289
619.50	0.289
620.00	0.291
620.50	0.292
621.00	0.292
621.50	0.293
622.00	0.295
622.50	0.294
623.00	0.295
623.50	0.296
624.00	0.297
624.50	0.299
625.00	0.299
625.50	0.300
626.00	0.302
626.50	0.302
627.00	0.302
627.50	0.304
628.00	0.304
628.50	0.305
629.00	0.306
629.50	0.307
630.00	0.307
630.50	0.308
631.00	0.309
631.50	0.310
632.00	0.310
632.50	0.311
633.00	0.311
633.50	0.314
634.00	0.313
634.50	0.313
635.00	0.314
635.50	0.315
636.00	0.315
636.50	0.316
637.00	0.315
637.50	0.316
638.00	0.317
638.50	0.317
639.00	0.318
639.50	0.317
640.00	0.317
640.50	0.318
641.00	0.319
641.50	0.320
642.00	0.319
642.50	0.319
643.00	0.319
643.50	0.320
644.00	0.319
644.50	0.319
645.00	0.320
645.50	0.320
646.00	0.319
646.50	0.321
647.00	0.320
647.50	0.320
648.00	0.319
648.50	0.320
649.00	0.321
649.50	0.320
650.00	0.320
650.50	0.320
651.00	0.321
651.50	0.322
652.00	0.321
652.50	0.322
653.00	0.321
653.50	0.321
654.00	0.323
654.50	0.322
655.00	0.323
655.50	0.323
656.00	0.324
656.50	0.325
657.00	0.325
657.50	0.325
658.00	0.325
658.50	0.326
659.00	0.327
659.50	0.328
660.00	0.328
660.50	0.328
661.00	0.330
661.50	0.330
662.00	0.331
662.50	0.331
663.00	0.332
663.50	0.332
664.00	0.333
664.50	0.335
665.00	0.336
665.50	0.336
666.00	0.338
666.50	0.339
667.00	0.339
667.50	0.340
668.00	0.342
668.50	0.343
669.00	0.342
669.50	0.343
670.00	0.344
670.50	0.345
671.00	0.346
671.50	0.346
672.00	0.347
672.50	0.349
673.00	0.350
673.50	0.350
674.00	0.350
674.50	0.351
675.00	0.352
675.50	0.353
676.00	0.353
676.50	0.353
677.00	0.354
677.50	0.354
678.00	0.355
678.50	0.357
679.00	0.356
679.50	0.357
680.00	0.356
680.50	0.357
681.00	0.359
681.50	0.359
682.00	0.360
682.50	0.360
683.00	0.360
683.50	0.360
684.00	0.360
684.50	0.361
685.00	0.361
685.50	0.362
686.00	0.362
686.50	0.363
687.00	0.363
687.50	0.364
688.00	0.364
688.50	0.364
689.00	0.366
689.50	0.365
690.00	0.368
690.50	0.368
691.00	0.368
691.50	0.368
692.00	0.370
692.50	0.369
693.00	0.371
693.50	0.372
694.00	0.373
694.50	0.372
695.00	0.375
695.50	0.376
696.00	0.377
696.50	0.377
697.00	0.379
697.50	0.381
698.00	0.382
698.50	0.382
699.00	0.385
699.50	0.386
700.00	0.387
700.50	0.389
701.00	0.391
701.50	0.394
702.00	0.394
702.50	0.396
703.00	0.399
703.50	0.401
704.00	0.403
704.50	0.406
705.00	0.409
705.50	0.412
706.00	0.414
706.50	0.416
707.00	0.420
707.50	0.423
708.00	0.427
708.50	0.429
709.00	0.434
709.50	0.438
710.00	0.442
710.50	0.445
711.00	0.449
711.50	0.455
712.00	0.458
712.50	0.463
713.00	0.469
713.50	0.473
714.00	0.478
714.50	0.485
715.00	0.491
715.50	0.496
716.00	0.503
716.50	0.509
717.00	0.516
717.50	0.523
718.00	0.528
718.50	0.535
719.00	0.544
719.50	0.550
720.00	0.559
720.50	0.566
721.00	0.575
721.50	0.584
722.00	0.591
722.50	0.600
723.00	0.609
723.50	0.618
724.00	0.628
724.50	0.637
725.00	0.646
725.50	0.656
726.00	0.665
726.50	0.675
727.00	0.684
727.50	0.695
728.00	0.705
728.50	0.715
729.00	0.726
729.50	0.735
730.00	0.745
730.50	0.756
731.00	0.767
731.50	0.779
732.00	0.788
732.50	0.799
733.00	0.810
733.50	0.820
734.00	0.830
734.50	0.841
735.00	0.853
735.50	0.863
736.00	0.871
736.50	0.881
737.00	0.891
737.50	0.900
738.00	0.909
738.50	0.918
739.00	0.927
739.50	0.934
740.00	0.940
740.50	0.949
741.00	0.955
741.50	0.962
742.00	0.966
742.50	0.973
743.00	0.977
743.50	0.981
744.00	0.986
744.50	0.989
745.00	0.990
745.50	0.994
746.00	0.995
746.50	0.996
747.00	0.997
747.50	0.997
748.00	0.996
748.50	0.995
749.00	0.992
749.50	0.988
750.00	0.986
750.50	0.982
751.00	0.979
751.50	0.975
752.00	0.969
752.50	0.964
753.00	0.956
753.50	0.949
754.00	0.942
754.50	0.935
755.00	0.925
755.50	0.917
756.00	0.908
756.50	0.898
757.00	0.889
757.50	0.878
758.00	0.867
758.50	0.856
759.00	0.846
759.50	0.834
760.00	0.821
760.50	0.810
761.00	0.798
761.50	0.785
762.00	0.772
762.50	0.760
763.00	0.746
763.50	0.734
764.00	0.720
764.50	0.707
765.00	0.695
765.50	0.680
766.00	0.667
766.50	0.655
767.00	0.641
767.50	0.628
768.00	0.615
768.50	0.602
769.00	0.587
769.50	0.573
770.00	0.560
770.50	0.546
771.00	0.535
771.50	0.523
772.00	0.510
772.50	0.497
773.00	0.485
773.50	0.473
774.00	0.463
774.50	0.450
775.00	0.438
775.50	0.428
776.00	0.418
776.50	0.407
777.00	0.398
777.50	0.389
778.00	0.379
778.50	0.370
779.00	0.360
779.50	0.353
780.00	0.344
780.50	0.336
781.00	0.329
781.50	0.321
782.00	0.313
782.50	0.308
783.00	0.301
783.50	0.294
784.00	0.289
784.50	0.282
785.00	0.279
785.50	0.273
786.00	0.267
786.50	0.263
787.00	0.258
787.50	0.254
788.00	0.250
788.50	0.246
789.00	0.242
789.50	0.239
790.00	0.235
790.50	0.232
791.00	0.227
791.50	0.226
792.00	0.222
792.50	0.221
793.00	0.219
793.50	0.215
794.00	0.212
794.50	0.210
795.00	0.210
795.50	0.207
796.00	0.204
796.50	0.204
797.00	0.199
797.50	0.200
798.00	0.198
798.50	0.195
799.00	0.194
799.50	0.193
800.00	0.193
