750.0000	-6.57349E-005	325.333
749.8000	-6.21948E-005	325.285
749.6000	-6.87012E-005	325.234
749.4000	-7.83539E-005	325.195
749.2000	-7.92084E-005	325.15
749.0000	-8.0072E-005	325.098
748.8000	-8.5495E-005	325.055
748.6000	-8.69476E-005	324.986
748.4000	-9.21448E-005	324.905
748.2000	-0.000103299	324.763
748.0000	-0.000108392	324.547
747.8000	-0.000102667	324.328
747.6000	-9.7406E-005	324.091
747.4000	-9.8764E-005	323.844
747.2000	-0.000101453	323.586
747.0000	-9.41223E-005	323.326
746.8000	-9.21539E-005	323.066
746.6000	-9.01703E-005	322.817
746.4000	-9.12628E-005	322.667
746.2000	-9.99084E-005	322.509
746.0000	-0.000108554	322.352
745.8000	-0.000114096	322.191
745.6000	-0.000111191	322.018
745.4000	-0.00011944	321.836
745.2000	-0.000117877	321.657
745.0000	-0.000120657	321.486
744.8000	-0.0001125	321.326
744.6000	-0.000103638	321.184
744.4000	-0.000105139	321.04
744.2000	-0.000103778	320.895
744.0000	-0.000102267	320.754
743.8000	-9.71222E-005	320.615
743.6000	-9.69086E-005	320.485
743.4000	-9.26697E-005	320.364
743.2000	-9.00635E-005	320.178
743.0000	-8.84522E-005	319.905
742.8000	-7.7356E-005	319.645
742.6000	-7.61902E-005	319.394
742.4000	-7.56531E-005	319.16
742.2000	-7.79419E-005	318.949
742.0000	-7.57355E-005	318.743
741.8000	-7.80365E-005	318.538
741.6000	-8.34564E-005	318.356
741.4000	-9.5578E-005	318.309
741.2000	-0.000109497	318.267
741.0000	-0.000119159	318.226
740.8000	-0.000129242	318.188
740.6000	-0.000134869	318.157
740.4000	-0.000135297	318.115
740.2000	-0.000142978	318.075
740.0000	-0.000148703	318.035
739.8000	-0.000153082	317.991
739.6000	-0.000151312	317.932
739.4000	-0.000147589	317.857
739.2000	-0.000148398	317.765
739.0000	-0.000144986	317.652
738.8000	-0.000154321	317.533
738.6000	-0.000150842	317.403
738.4000	-0.000147504	317.185
738.2000	-0.000148221	316.878
738.0000	-0.000146768	316.552
737.8000	-0.000153186	316.206
737.6000	-0.000162424	315.855
737.4000	-0.000165524	315.496
737.2000	-0.000166742	315.107
737.0000	-0.00017222	314.689
736.8000	-0.000179727	314.267
736.6000	-0.000181509	313.935
736.4000	-0.000178799	313.597
736.2000	-0.000174927	313.256
736.0000	-0.000165088	312.921
735.8000	-0.000159729	312.593
735.6000	-0.000158099	312.289
735.4000	-0.000159839	312.022
735.2000	-0.000154123	311.805
735.0000	-0.000153641	311.639
734.8000	-0.000156387	311.512
734.6000	-0.000167059	311.435
734.4000	-0.000171295	311.394
734.2000	-0.000177332	311.391
734.0000	-0.00017774	311.424
733.8000	-0.000183395	311.484
733.6000	-0.000184109	311.443
733.4000	-0.000189673	311.412
733.2000	-0.000192209	311.403
733.0000	-0.000190042	311.401
732.8000	-0.000186032	311.397
732.6000	-0.000186127	311.397
732.4000	-0.000190118	311.404
732.2000	-0.000198361	311.412
732.0000	-0.000211008	311.492
731.8000	-0.00022041	311.617
731.6000	-0.000225977	311.735
731.4000	-0.00023316	311.849
731.2000	-0.000240009	311.97
731.0000	-0.000244089	312.088
730.8000	-0.000244598	312.186
730.6000	-0.000243399	312.278
730.4000	-0.000233884	312.373
730.2000	-0.000224292	312.464
730.0000	-0.00021987	312.55
729.8000	-0.000219849	312.631
729.6000	-0.00022041	312.712
729.4000	-0.000220798	312.792
729.2000	-0.000223437	312.825
729.0000	-0.000230392	312.788
728.8000	-0.00023537	312.745
728.6000	-0.000240558	312.708
728.4000	-0.000241681	312.666
728.2000	-0.000239169	312.627
728.0000	-0.000232452	312.585
727.8000	-0.000231046	312.544
727.6000	-0.000229681	312.511
727.4000	-0.000221634	312.575
727.2000	-0.00021973	312.637
727.0000	-0.000227368	312.687
726.8000	-0.000233231	312.736
726.6000	-0.000236609	312.783
726.4000	-0.000239795	312.82
726.2000	-0.000245523	312.845
726.0000	-0.000245639	312.859
725.8000	-0.000251129	312.87
725.6000	-0.000256186	312.881
725.4000	-0.000249976	312.883
725.2000	-0.000249899	312.873
725.0000	-0.00025517	312.853
724.8000	-0.000260812	312.775
724.6000	-0.0002694	312.627
724.4000	-0.000277234	312.469
724.2000	-0.000281528	312.309
724.0000	-0.00027786	312.135
723.8000	-0.000271838	311.952
723.6000	-0.000262787	311.762
723.4000	-0.000254745	311.569
723.2000	-0.000254074	311.391
723.0000	-0.000246924	311.308
722.8000	-0.000244125	311.22
722.6000	-0.00023956	311.115
722.4000	-0.000243039	311.008
722.2000	-0.000250729	310.889
722.0000	-0.000260931	310.762
721.8000	-0.000273816	310.63
721.6000	-0.000273035	310.486
721.4000	-0.000273898	310.339
721.2000	-0.000270407	310.185
721.0000	-0.000267233	310.03
720.8000	-0.000265063	309.866
720.6000	-0.000253006	309.699
720.4000	-0.000244577	309.415
720.2000	-0.000242465	309.114
720.0000	-0.000240942	308.807
719.8000	-0.000240588	308.49
719.6000	-0.000249573	308.178
719.4000	-0.000256558	307.87
719.2000	-0.000260117	307.564
719.0000	-0.000274359	307.253
718.8000	-0.00028038	307.017
718.6000	-0.000282043	306.838
718.4000	-0.000287347	306.672
718.2000	-0.000292316	306.506
718.0000	-0.000292105	306.338
717.8000	-0.000290567	306.173
717.6000	-0.000289401	306.017
717.4000	-0.000282678	305.866
717.2000	-0.000279846	305.722
717.0000	-0.000280719	305.583
716.8000	-0.000280338	305.438
716.6000	-0.000283853	305.295
716.4000	-0.000283191	305.107
716.2000	-0.000282394	304.852
716.0000	-0.000289136	304.592
715.8000	-0.000292386	304.34
715.6000	-0.000303015	304.099
715.4000	-0.000308337	303.864
715.2000	-0.00031644	303.638
715.0000	-0.000313046	303.422
714.8000	-0.000314182	303.234
714.6000	-0.000315909	303.157
714.4000	-0.000322375	303.102
714.2000	-0.000326447	303.061
714.0000	-0.000327502	303.031
713.8000	-0.000328375	303.012
713.6000	-0.00032908	303.015
713.4000	-0.000332083	303.031
713.2000	-0.000341199	303.058
713.0000	-0.000349927	303.098
712.8000	-0.000349124	303.149
712.6000	-0.000341568	303.207
712.4000	-0.000337894	303.273
712.2000	-0.000339206	303.252
712.0000	-0.000338004	303.224
711.8000	-0.000334235	303.192
711.6000	-0.000328052	303.168
711.4000	-0.000321191	303.148
711.2000	-0.0003121	303.129
711.0000	-0.000315417	303.114
710.8000	-0.00031904	303.097
710.6000	-0.000317783	303.148
710.4000	-0.000316174	303.241
710.2000	-0.000319296	303.341
710.0000	-0.000326804	303.434
709.8000	-0.000332123	303.526
709.6000	-0.000332965	303.611
709.4000	-0.000329572	303.69
709.2000	-0.00033208	303.762
709.0000	-0.000327078	303.828
708.8000	-0.000332129	303.885
708.6000	-0.000337341	303.93
708.4000	-0.000332565	303.978
708.2000	-0.000331107	303.909
708.0000	-0.000333279	303.827
707.8000	-0.000346594	303.736
707.6000	-0.000353662	303.646
707.4000	-0.000365268	303.551
707.2000	-0.000371725	303.447
707.0000	-0.000372348	303.342
706.8000	-0.000372174	303.231
706.6000	-0.00037103	303.188
706.4000	-0.000371924	303.183
706.2000	-0.00036546	303.176
706.0000	-0.000363034	303.165
705.8000	-0.000355234	303.143
705.6000	-0.000348526	303.122
705.4000	-0.000346899	303.099
705.2000	-0.00035191	303.075
705.0000	-0.000359543	303.048
704.8000	-0.000363953	303.012
704.6000	-0.000366443	302.976
704.4000	-0.000358798	302.836
704.2000	-0.000357501	302.681
704.0000	-0.000360947	302.531
703.8000	-0.000356567	302.371
703.6000	-0.000351135	302.204
703.4000	-0.000346408	302.039
703.2000	-0.000340909	301.876
703.0000	-0.000337854	301.711
702.8000	-0.000346759	301.607
702.6000	-0.000353613	301.55
702.4000	-0.000353702	301.489
702.2000	-0.000354636	301.428
702.0000	-0.00035918	301.37
701.8000	-0.000362061	301.313
701.6000	-0.000362927	301.25
701.4000	-0.000364914	301.18
701.2000	-0.000366089	301.121
701.0000	-0.000365479	301.052
700.8000	-0.000371039	300.983
700.6000	-0.000377316	300.805
700.4000	-0.000382129	300.621
700.2000	-0.000382053	300.429
700.0000	-0.000387781	300.239
699.8000	-0.000391379	300.057
699.6000	-0.000392084	299.868
699.4000	-0.000391913	299.681
699.2000	-0.000391779	299.494
699.0000	-0.000390479	299.372
698.8000	-0.00038457	299.285
698.6000	-0.000385336	299.192
698.4000	-0.000388925	299.091
698.2000	-0.000391486	298.984
698.0000	-0.000396216	298.88
697.8000	-0.00040238	298.764
697.6000	-0.000403256	298.653
697.4000	-0.000400098	298.533
697.2000	-0.000401196	298.408
697.0000	-0.000408127	298.239
696.8000	-0.00040853	298.013
696.6000	-0.000399417	297.786
696.4000	-0.000398087	297.537
696.2000	-0.000402451	297.286
696.0000	-0.000405484	297.03
695.8000	-0.000411981	296.771
695.6000	-0.000423257	296.518
695.4000	-0.000425375	296.282
695.2000	-0.000420624	296.139
695.0000	-0.000425037	295.987
694.8000	-0.000429355	295.838
694.6000	-0.000421823	295.693
694.4000	-0.000418332	295.544
694.2000	-0.000412323	295.382
694.0000	-0.000406842	295.223
693.8000	-0.000406815	295.063
693.6000	-0.000407928	294.897
693.4000	-0.000410559	294.687
693.2000	-0.000405838	294.43
693.0000	-0.000397681	294.177
692.8000	-0.000397641	293.929
692.6000	-0.000407172	293.694
692.4000	-0.000411572	293.459
692.2000	-0.000419003	293.218
692.0000	-0.000417758	292.982
691.8000	-0.000411935	292.763
691.6000	-0.000417853	292.635
691.4000	-0.000425385	292.509
691.2000	-0.000435788	292.385
691.0000	-0.000433942	292.274
690.8000	-0.000430505	292.17
690.6000	-0.000427722	292.074
690.4000	-0.000422021	291.979
690.2000	-0.000427383	291.89
690.0000	-0.00043237	291.817
689.8000	-0.000437555	291.645
689.6000	-0.000442435	291.468
689.4000	-0.000440164	291.295
689.2000	-0.000444723	291.128
689.0000	-0.000448627	290.969
688.8000	-0.000452039	290.817
688.6000	-0.00045379	290.668
688.4000	-0.00045065	290.516
688.2000	-0.000449921	290.43
688.0000	-0.000442899	290.395
687.8000	-0.000437765	290.354
687.6000	-0.000435886	290.306
687.4000	-0.000434845	290.252
687.2000	-0.000439139	290.192
687.0000	-0.000444641	290.125
686.8000	-0.00044299	290.052
686.6000	-0.000444904	289.969
686.4000	-0.000443457	289.788
686.2000	-0.000453665	289.596
686.0000	-0.000461304	289.408
685.8000	-0.000460013	289.226
685.6000	-0.000460306	289.046
685.4000	-0.000455627	288.876
685.2000	-0.000457724	288.718
685.0000	-0.000459769	288.573
684.8000	-0.000457236	288.508
684.6000	-0.000450323	288.5
684.4000	-0.00044736	288.512
684.2000	-0.000447681	288.545
684.0000	-0.000445694	288.599
683.8000	-0.00044545	288.671
683.6000	-0.000446475	288.768
683.4000	-0.000442041	288.895
683.2000	-0.000442874	289.041
683.0000	-0.000443433	289.122
682.8000	-0.000442697	289.201
682.6000	-0.000439517	289.28
682.4000	-0.000436966	289.361
682.2000	-0.000433109	289.437
682.0000	-0.000430817	289.505
681.8000	-0.000436215	289.545
681.6000	-0.000438638	289.57
681.4000	-0.000439017	289.63
681.2000	-0.000439944	289.711
681.0000	-0.000433075	289.78
680.8000	-0.000437952	289.837
680.6000	-0.000447263	289.883
680.4000	-0.00045061	289.919
680.2000	-0.000451706	289.953
680.0000	-0.00044726	289.979
679.8000	-0.000454379	289.953
679.6000	-0.000460617	289.865
679.4000	-0.000468155	289.77
679.2000	-0.000472964	289.673
679.0000	-0.00047132	289.57
678.8000	-0.000469974	289.467
678.6000	-0.000470361	289.364
678.4000	-0.000473053	289.255
678.2000	-0.000464951	289.158
678.0000	-0.000457114	289.143
677.8000	-0.000453168	289.137
677.6000	-0.00044837	289.128
677.4000	-0.000441815	289.118
677.2000	-0.000437775	289.105
677.0000	-0.00043642	289.092
676.8000	-0.000434708	289.082
676.6000	-0.000444986	289.026
676.4000	-0.000454129	288.915
676.2000	-0.000459662	288.806
676.0000	-0.000464435	288.694
675.8000	-0.000474582	288.585
675.6000	-0.000477783	288.481
675.4000	-0.000480899	288.374
675.2000	-0.000484146	288.268
675.0000	-0.000482617	288.171
674.8000	-0.000482208	288.163
674.6000	-0.000482327	288.159
674.4000	-0.000483914	288.152
674.2000	-0.000486737	288.147
674.0000	-0.000485495	288.14
673.8000	-0.000483774	288.135
673.6000	-0.000484387	288.129
673.4000	-0.000487521	288.033
673.2000	-0.000488104	287.929
673.0000	-0.000487115	287.826
672.8000	-0.00047966	287.726
672.6000	-0.000476279	287.623
672.4000	-0.000475574	287.522
672.2000	-0.000480005	287.423
672.0000	-0.00048255	287.325
671.8000	-0.000482535	287.286
671.6000	-0.000482251	287.287
671.4000	-0.000478714	287.289
671.2000	-0.000479456	287.286
671.0000	-0.000478003	287.284
670.8000	-0.000476144	287.282
670.6000	-0.00047749	287.278
670.4000	-0.000475961	287.23
670.2000	-0.000473917	287.126
670.0000	-0.000472253	287.022
669.8000	-0.000476489	286.917
669.6000	-0.000485458	286.811
669.4000	-0.000493927	286.705
669.2000	-0.000500119	286.6
669.0000	-0.000503238	286.495
668.8000	-0.000506729	286.406
668.6000	-0.000507956	286.4
668.4000	-0.000511169	286.399
668.2000	-0.000511508	286.397
668.0000	-0.000510287	286.4
667.8000	-0.000505878	286.405
667.6000	-0.000504681	286.411
667.4000	-0.000500314	286.377
667.2000	-0.000499521	286.291
667.0000	-0.000500995	286.206
666.8000	-0.000502493	286.122
666.6000	-0.000505853	286.042
666.4000	-0.000504782	285.964
666.2000	-0.000508203	285.879
666.0000	-0.000507968	285.794
665.8000	-0.000510516	285.725
665.6000	-0.000508832	285.74
665.4000	-0.000499139	285.758
665.2000	-0.000496082	285.768
665.0000	-0.000490323	285.783
664.8000	-0.000492654	285.799
664.6000	-0.00049303	285.817
664.4000	-0.00049068	285.797
664.2000	-0.000491077	285.718
664.0000	-0.000495413	285.635
663.8000	-0.000503592	285.551
663.6000	-0.000507428	285.466
663.4000	-0.000509186	285.381
663.2000	-0.000510312	285.296
663.0000	-0.000505908	285.206
662.8000	-0.000508554	285.124
662.6000	-0.000509021	285.126
662.4000	-0.00050762	285.134
662.2000	-0.000502264	285.136
662.0000	-0.000507373	285.14
661.8000	-0.000508853	285.145
661.6000	-0.000507782	285.143
661.4000	-0.000509265	285.068
661.2000	-0.00051246	284.983
661.0000	-0.000515872	284.895
660.8000	-0.000523132	284.81
660.6000	-0.000526544	284.723
660.4000	-0.000528784	284.637
660.2000	-0.000528671	284.549
660.0000	-0.000537326	284.459
659.8000	-0.000539581	284.414
659.6000	-0.000540802	284.401
659.4000	-0.000537009	284.389
659.2000	-0.000532343	284.377
659.0000	-0.000528851	284.359
658.8000	-0.000523706	284.342
658.6000	-0.000529462	284.246
658.4000	-0.000529626	284.143
658.2000	-0.000529889	284.039
658.0000	-0.000529535	283.937
657.8000	-0.000529611	283.833
657.6000	-0.000533926	283.729
657.4000	-0.000531772	283.621
657.2000	-0.000537048	283.514
657.0000	-0.000537009	283.454
656.8000	-0.000534335	283.422
656.6000	-0.000536999	283.387
656.4000	-0.000535788	283.354
656.2000	-0.000537473	283.323
656.0000	-0.000541302	283.287
655.8000	-0.000542148	283.162
655.6000	-0.000537436	283.027
655.4000	-0.000536203	282.891
655.2000	-0.000540506	282.753
655.0000	-0.000547375	282.62
654.8000	-0.000547565	282.48
654.6000	-0.000545596	282.337
654.4000	-0.000541815	282.189
654.2000	-0.00054288	282.093
654.0000	-0.000548264	282.032
653.8000	-0.000554742	281.965
653.6000	-0.000549606	281.903
653.4000	-0.000544864	281.836
653.2000	-0.000541068	281.761
653.0000	-0.000545413	281.601
652.8000	-0.000544754	281.438
652.6000	-0.000548233	281.278
652.4000	-0.000549564	281.116
652.2000	-0.000543784	280.953
652.0000	-0.000547849	280.784
651.8000	-0.000552356	280.611
651.6000	-0.000558954	280.445
651.4000	-0.00056026	280.333
651.2000	-0.000566684	280.26
651.0000	-0.000572372	280.191
650.8000	-0.000569748	280.131
650.6000	-0.000578076	280.079
650.4000	-0.000586667	279.993
650.2000	-0.000591577	279.869
650.0000	-0.000590891	279.756
649.8000	-0.00058826	279.65
649.6000	-0.000588123	279.551
649.4000	-0.000582162	279.459
649.2000	-0.000577716	279.37
649.0000	-0.000568195	279.287
648.8000	-0.000562076	279.221
648.6000	-0.000558243	279.237
648.4000	-0.000552899	279.255
648.2000	-0.000552936	279.277
648.0000	-0.000552869	279.307
647.8000	-0.000555118	279.295
647.6000	-0.000560825	279.237
647.4000	-0.000568143	279.174
647.2000	-0.000571963	279.115
647.0000	-0.000569009	279.056
646.8000	-0.000573056	278.998
646.6000	-0.00057774	278.94
646.4000	-0.000574899	278.879
646.2000	-0.000574496	278.829
646.0000	-0.000571643	278.854
645.8000	-0.000574179	278.88
645.6000	-0.000576327	278.908
645.4000	-0.00057381	278.936
645.2000	-0.00056987	278.923
645.0000	-0.000566141	278.861
644.8000	-0.000570309	278.799
644.6000	-0.000573865	278.735
644.4000	-0.000577878	278.666
644.2000	-0.000574707	278.598
644.0000	-0.000568954	278.531
643.8000	-0.000563916	278.461
643.6000	-0.000566949	278.402
643.4000	-0.000571848	278.409
643.2000	-0.000568832	278.418
643.0000	-0.000563016	278.421
642.8000	-0.000561478	278.422
642.6000	-0.000567328	278.385
642.4000	-0.000577762	278.294
642.2000	-0.00058688	278.196
642.0000	-0.000593481	278.096
641.8000	-0.000591217	277.998
641.6000	-0.000588455	277.9
641.4000	-0.00059606	277.801
641.2000	-0.000603949	277.707
641.0000	-0.000602542	277.618
640.8000	-0.000600958	277.605
640.6000	-0.000598932	277.598
640.4000	-0.00059693	277.583
640.2000	-0.000594742	277.575
640.0000	-0.000598169	277.49
639.8000	-0.000600162	277.391
639.6000	-0.000597797	277.291
639.4000	-0.000603641	277.191
639.2000	-0.000605969	277.091
639.0000	-0.000608063	276.988
638.8000	-0.000606815	276.886
638.6000	-0.000611771	276.781
638.4000	-0.000613599	276.723
638.2000	-0.000605917	276.699
638.0000	-0.000601456	276.673
637.8000	-0.000593344	276.642
637.6000	-0.000590396	276.543
637.4000	-0.000587302	276.434
637.2000	-0.000589011	276.328
637.0000	-0.000585168	276.221
636.8000	-0.000587439	276.113
636.6000	-0.000595334	276.004
636.4000	-0.000605145	275.895
636.2000	-0.000612353	275.785
636.0000	-0.000614371	275.718
635.8000	-0.000618027	275.685
635.6000	-0.000621548	275.653
635.4000	-0.000629004	275.619
635.2000	-0.000629755	275.545
635.0000	-0.000630991	275.425
634.8000	-0.000633017	275.306
634.6000	-0.000635883	275.188
634.4000	-0.000639825	275.073
634.2000	-0.000642282	274.96
634.0000	-0.000641727	274.848
633.8000	-0.000637741	274.731
633.6000	-0.00063963	274.626
633.4000	-0.000642041	274.593
633.2000	-0.000645981	274.559
633.0000	-0.000641052	274.529
632.8000	-0.0006345	274.426
632.6000	-0.000634406	274.321
632.4000	-0.00063653	274.213
632.2000	-0.000641153	274.108
632.0000	-0.000644778	274.006
631.8000	-0.000642691	273.908
631.6000	-0.000639539	273.813
631.4000	-0.000638858	273.718
631.2000	-0.000643384	273.668
631.0000	-0.000646433	273.653
630.8000	-0.000644809	273.639
630.6000	-0.000647235	273.627
630.4000	-0.000644809	273.537
630.2000	-0.00064563	273.439
630.0000	-0.000644565	273.343
629.8000	-0.000645734	273.247
629.6000	-0.000648611	273.154
629.4000	-0.000647684	273.059
629.2000	-0.000648502	272.956
629.0000	-0.000644678	272.856
628.8000	-0.000646021	272.807
628.6000	-0.000646942	272.789
628.4000	-0.000647537	272.768
628.2000	-0.000647983	272.712
628.0000	-0.000650381	272.609
627.8000	-0.000652075	272.508
627.6000	-0.000654572	272.409
627.4000	-0.000656711	272.312
627.2000	-0.000659692	272.21
627.0000	-0.000661545	272.11
626.8000	-0.000669501	272.01
626.6000	-0.000669553	271.919
626.4000	-0.000669162	271.897
626.2000	-0.000665344	271.878
626.0000	-0.000666101	271.854
625.8000	-0.000668405	271.761
625.6000	-0.000668161	271.667
625.4000	-0.000663367	271.57
625.2000	-0.000653412	271.474
625.0000	-0.00065195	271.382
624.8000	-0.000654007	271.284
624.6000	-0.000657114	271.182
624.4000	-0.000657529	271.088
624.2000	-0.000657227	271.041
624.0000	-0.000657465	271.022
623.8000	-0.000658267	271.002
623.6000	-0.000659961	270.913
623.4000	-0.0006673	270.816
623.2000	-0.000672104	270.717
623.0000	-0.000669916	270.621
622.8000	-0.000670035	270.526
622.6000	-0.000672916	270.428
622.4000	-0.000673566	270.329
622.2000	-0.000678677	270.231
622.0000	-0.000683157	270.181
621.8000	-0.000678339	270.163
621.6000	-0.000673468	270.149
621.4000	-0.00067948	270.07
621.2000	-0.000682068	269.984
621.0000	-0.000685672	269.903
620.8000	-0.000689197	269.821
620.6000	-0.000692773	269.742
620.4000	-0.000695688	269.663
620.2000	-0.000704361	269.583
620.0000	-0.000707755	269.503
619.8000	-0.000713202	269.473
619.6000	-0.000716663	269.472
619.4000	-0.000723846	269.466
619.2000	-0.000724445	269.402
619.0000	-0.000727582	269.34
618.8000	-0.000725302	269.278
618.6000	-0.000723273	269.217
618.4000	-0.000728708	269.158
618.2000	-0.000733594	269.095
618.0000	-0.000733289	269.032
617.8000	-0.000731812	268.976
617.6000	-0.000732016	268.961
617.4000	-0.000728497	268.966
617.2000	-0.000728262	268.936
617.0000	-0.000733948	268.869
616.8000	-0.000732248	268.801
616.6000	-0.000726358	268.73
616.4000	-0.000725125	268.66
616.2000	-0.000730267	268.592
616.0000	-0.00073678	268.519
615.8000	-0.00074274	268.449
615.6000	-0.000744122	268.391
615.4000	-0.000742166	268.399
615.2000	-0.0007405	268.408
615.0000	-0.000742664	268.35
614.8000	-0.000743085	268.29
614.6000	-0.000732736	268.23
614.4000	-0.00072254	268.172
614.2000	-0.000720901	268.117
614.0000	-0.000724683	268.056
613.8000	-0.000729727	267.993
613.6000	-0.000728595	267.928
613.4000	-0.000730756	267.909
613.2000	-0.000735098	267.918
613.0000	-0.000742203	267.855
612.8000	-0.000747726	267.79
612.6000	-0.000746252	267.726
612.4000	-0.000745773	267.663
612.2000	-0.000748053	267.597
612.0000	-0.000750696	267.534
611.8000	-0.000753995	267.476
611.6000	-0.000752441	267.417
611.4000	-0.000751126	267.404
611.2000	-0.000752771	267.421
611.0000	-0.000759845	267.401
610.8000	-0.000759732	267.341
610.6000	-0.000758746	267.283
610.4000	-0.000759869	267.223
610.2000	-0.000759604	267.161
610.0000	-0.000761023	267.095
609.8000	-0.00076394	267.026
609.6000	-0.000763583	266.96
609.4000	-0.000761914	266.901
609.2000	-0.000762921	266.911
609.0000	-0.000769376	266.891
608.8000	-0.000770206	266.833
608.6000	-0.000775	266.779
608.4000	-0.000773883	266.724
608.2000	-0.000773831	266.669
608.0000	-0.000773636	266.613
607.8000	-0.000773541	266.553
607.6000	-0.000776251	266.493
607.4000	-0.000774753	266.436
607.2000	-0.000767688	266.442
607.0000	-0.000761963	266.414
606.8000	-0.000757132	266.343
606.6000	-0.00075354	266.272
606.4000	-0.000756952	266.197
606.2000	-0.000759824	266.124
606.0000	-0.000758743	266.051
605.8000	-0.000758289	265.976
605.6000	-0.000760461	265.9
605.4000	-0.000764475	265.833
605.2000	-0.000764603	265.829
605.0000	-0.000769485	265.766
604.8000	-0.000775513	265.701
604.6000	-0.000777719	265.635
604.4000	-0.000779788	265.567
604.2000	-0.000777798	265.498
604.0000	-0.000779175	265.43
603.8000	-0.000785223	265.361
603.6000	-0.000795004	265.29
603.4000	-0.000800143	265.261
603.2000	-0.000800299	265.253
603.0000	-0.000800073	265.189
602.8000	-0.000805331	265.125
602.6000	-0.000809821	265.061
602.4000	-0.000813071	264.996
602.2000	-0.000806644	264.93
602.0000	-0.000809058	264.865
601.8000	-0.0008091	264.794
601.6000	-0.000813058	264.722
601.4000	-0.000813876	264.689
601.2000	-0.000808923	264.61
601.0000	-0.000808234	264.527
600.8000	-0.00080892	264.442
600.6000	-0.000814191	264.356
600.4000	-0.000814389	264.27
600.2000	-0.000814392	264.183
600.0000	-0.000810294	264.1
599.8000	-0.000805707	264.014
599.6000	-0.000811667	263.966
599.4000	-0.000818359	263.921
599.2000	-0.000824347	263.838
599.0000	-0.000827142	263.754
598.8000	-0.00083013	263.67
598.6000	-0.000829913	263.587
598.4000	-0.000831015	263.504
598.2000	-0.000836014	263.418
598.0000	-0.000834305	263.337
597.8000	-0.000831851	263.264
597.6000	-0.000827017	263.245
597.4000	-0.000826093	263.164
597.2000	-0.000823673	263.073
597.0000	-0.000821802	262.988
596.8000	-0.000823337	262.901
596.6000	-0.00082753	262.816
596.4000	-0.000830264	262.73
596.2000	-0.000831973	262.643
596.0000	-0.000829419	262.552
595.8000	-0.000831299	262.502
595.6000	-0.000833054	262.421
595.4000	-0.000835126	262.33
595.2000	-0.000838113	262.24
595.0000	-0.000845871	262.151
594.8000	-0.000852161	262.06
594.6000	-0.000857053	261.966
594.4000	-0.000861758	261.88
594.2000	-0.000865652	261.797
594.0000	-0.000872092	261.751
593.8000	-0.000872794	261.676
593.6000	-0.000872553	261.597
593.4000	-0.000866159	261.517
593.2000	-0.000860541	261.436
593.0000	-0.000851453	261.356
592.8000	-0.000846228	261.276
592.6000	-0.000847449	261.195
592.4000	-0.000840067	261.114
592.2000	-0.000839215	261.072
592.0000	-0.000840771	260.994
591.8000	-0.000840866	260.909
591.6000	-0.000837622	260.827
591.4000	-0.000839694	260.749
591.2000	-0.000842477	260.668
591.0000	-0.000842908	260.583
590.8000	-0.00084646	260.502
590.6000	-0.000847275	260.424
590.4000	-0.000844803	260.353
590.2000	-0.000845651	260.279
590.0000	-0.000849423	260.208
589.8000	-0.000849499	260.134
589.6000	-0.00085405	260.061
589.4000	-0.000859332	259.991
589.2000	-0.000861157	259.923
589.0000	-0.000864615	259.853
588.8000	-0.000868216	259.788
588.6000	-0.000872165	259.729
588.4000	-0.000875861	259.666
588.2000	-0.000881802	259.602
588.0000	-0.000884891	259.54
587.8000	-0.000879565	259.478
587.6000	-0.000879739	259.416
587.4000	-0.000880136	259.356
587.2000	-0.00088298	259.298
587.0000	-0.000884299	259.244
586.8000	-0.00088042	259.175
586.6000	-0.000874911	259.109
586.4000	-0.000874298	259.043
586.2000	-0.000876044	258.978
586.0000	-0.000874664	258.912
585.8000	-0.000875858	258.847
585.6000	-0.000881436	258.777
585.4000	-0.000883789	258.717
585.2000	-0.000886203	258.661
585.0000	-0.000889359	258.596
584.8000	-0.000888458	258.534
584.6000	-0.00088891	258.475
584.4000	-0.000893997	258.415
584.2000	-0.000901309	258.359
584.0000	-0.000896811	258.305
583.8000	-0.000891989	258.25
583.6000	-0.000892957	258.202
583.4000	-0.0008901	258.144
583.2000	-0.000891104	258.088
583.0000	-0.000892587	258.031
582.8000	-0.000887894	257.978
582.6000	-0.000881705	257.921
582.4000	-0.00088443	257.862
582.2000	-0.000883316	257.807
582.0000	-0.00088588	257.732
581.8000	-0.000888886	257.675
581.6000	-0.000889612	257.62
581.4000	-0.000889386	257.561
581.2000	-0.000892358	257.498
581.0000	-0.000895975	257.435
580.8000	-0.000896548	257.373
580.6000	-0.000896689	257.31
580.4000	-0.000898239	257.257
580.2000	-0.000900497	257.205
580.0000	-0.000905664	257.151
579.8000	-0.000908981	257.096
579.6000	-0.000911975	257.043
579.4000	-0.000909067	256.992
579.2000	-0.000903964	256.941
579.0000	-0.000899066	256.892
578.8000	-0.00090054	256.843
578.6000	-0.000897351	256.768
578.4000	-0.000895358	256.713
578.2000	-0.000893839	256.656
578.0000	-0.000896268	256.6
577.8000	-0.000901559	256.545
577.6000	-0.000908429	256.486
577.4000	-0.000915488	256.426
577.2000	-0.000913702	256.336
577.0000	-0.000916064	256.259
576.8000	-0.00092226	256.205
576.6000	-0.000924518	256.148
576.4000	-0.000924539	256.095
576.2000	-0.000924905	256.046
576.0000	-0.000920547	255.997
575.8000	-0.000912933	255.95
575.6000	-0.000912805	255.889
575.4000	-0.000913434	255.848
575.2000	-0.000910004	255.81
575.0000	-0.000908224	255.772
574.8000	-0.000904178	255.729
574.6000	-0.000901498	255.683
574.4000	-0.000897623	255.636
574.2000	-0.00089537	255.59
574.0000	-0.000897214	255.521
573.8000	-0.000903323	255.46
573.6000	-0.000906793	255.398
573.4000	-0.000910199	255.331
573.2000	-0.000914096	255.268
573.0000	-0.000919623	255.208
572.8000	-0.000928082	255.145
572.6000	-0.000935361	255.083
572.4000	-0.000945023	254.977
572.2000	-0.000947656	254.919
572.0000	-0.000948343	254.861
571.8000	-0.000948108	254.809
571.6000	-0.00095047	254.756
571.4000	-0.000951865	254.705
571.2000	-0.000949081	254.657
571.0000	-0.000947693	254.58
570.8000	-0.000944894	254.497
570.6000	-0.000942777	254.441
570.4000	-0.000943069	254.391
570.2000	-0.000946915	254.335
570.0000	-0.00095072	254.283
569.8000	-0.000950299	254.23
569.6000	-0.000947647	254.176
569.4000	-0.000947659	254.078
569.2000	-0.000947519	254.029
569.0000	-0.000946997	253.984
568.8000	-0.000942978	253.935
568.6000	-0.000936749	253.889
568.4000	-0.000930511	253.843
568.2000	-0.000928629	253.798
568.0000	-0.000929904	253.731
567.8000	-0.000930588	253.668
567.6000	-0.000925864	253.63
567.4000	-0.000927289	253.586
567.2000	-0.000926227	253.542
567.0000	-0.00092933	253.503
566.8000	-0.000929776	253.46
566.6000	-0.000926965	253.39
566.4000	-0.000925632	253.297
566.2000	-0.000927332	253.247
566.0000	-0.000928503	253.194
565.8000	-0.000929425	253.146
565.6000	-0.000936136	253.101
565.4000	-0.000934665	253.053
565.2000	-0.000932251	253.002
565.0000	-0.000936783	252.911
564.8000	-0.000943512	252.864
564.6000	-0.000944403	252.815
564.4000	-0.000944104	252.768
564.2000	-0.000949783	252.72
564.0000	-0.000954898	252.671
563.8000	-0.000961536	252.621
563.6000	-0.000969955	252.527
563.4000	-0.000969434	252.455
563.2000	-0.000971045	252.408
563.0000	-0.000972028	252.364
562.8000	-0.000978741	252.32
562.6000	-0.000979971	252.273
562.4000	-0.000973056	252.225
562.2000	-0.000961761	252.122
562.0000	-0.00095452	252.045
561.8000	-0.000956107	251.993
561.6000	-0.000958511	251.938
561.4000	-0.000957175	251.88
561.2000	-0.000958911	251.823
561.0000	-0.000955283	251.772
560.8000	-0.000956937	251.671
560.6000	-0.000965289	251.603
560.4000	-0.000971649	251.557
560.2000	-0.000971524	251.511
560.0000	-0.000969016	251.466
559.8000	-0.000969009	251.418
559.6000	-0.00097027	251.367
559.4000	-0.000971234	251.264
559.2000	-0.000974927	251.189
559.0000	-0.000970517	251.137
558.8000	-0.000968259	251.087
558.6000	-0.000966882	251.034
558.4000	-0.000971173	250.98
558.2000	-0.000972229	250.924
558.0000	-0.000965625	250.824
557.8000	-0.000959912	250.758
557.6000	-0.000961169	250.707
557.4000	-0.000966257	250.661
557.2000	-0.000971149	250.616
557.0000	-0.000975775	250.574
556.8000	-0.000972928	250.507
556.6000	-0.000975662	250.414
556.4000	-0.000977216	250.344
556.2000	-0.000979846	250.296
556.0000	-0.000982135	250.253
555.8000	-0.000982379	250.207
555.6000	-0.000983313	250.158
555.4000	-0.000984406	250.058
555.2000	-0.000986044	249.961
555.0000	-0.000983084	249.906
554.8000	-0.000984891	249.857
554.6000	-0.000985522	249.81
554.4000	-0.000984619	249.76
554.2000	-0.000981729	249.708
554.0000	-0.000980121	249.61
553.8000	-0.000977103	249.548
553.6000	-0.000978119	249.507
553.4000	-0.000980289	249.469
553.2000	-0.00097811	249.433
553.0000	-0.000978912	249.398
552.8000	-0.000979306	249.346
552.6000	-0.000980472	249.262
552.4000	-0.00098045	249.215
552.2000	-0.000983832	249.183
552.0000	-0.000981354	249.151
551.8000	-0.000981976	249.12
551.6000	-0.00098598	249.088
551.4000	-0.00099035	249.004
551.2000	-0.000994394	248.916
551.0000	-0.000993991	248.874
550.8000	-0.00099332	248.831
550.6000	-0.000992911	248.784
550.4000	-0.000996927	248.739
550.2000	-0.00100285	248.675
550.0000	-0.00100327	248.579
549.8000	-0.00100208	248.514
549.6000	-0.00100033	248.474
549.4000	-0.0010016	248.433
549.2000	-0.00100459	248.395
549.0000	-0.00100717	248.33
548.8000	-0.001002	248.236
548.6000	-0.000994247	248.147
548.4000	-0.000991168	248.1
548.2000	-0.000986258	248.056
548.0000	-0.0009828	248.015
547.8000	-0.000982495	247.968
547.6000	-0.000981812	247.873
547.4000	-0.000980072	247.783
547.2000	-0.000981055	247.735
547.0000	-0.000985336	247.69
546.8000	-0.000986853	247.65
546.6000	-0.000988367	247.607
546.4000	-0.00098569	247.517
546.2000	-0.000990933	247.426
546.0000	-0.000996826	247.369
545.8000	-0.000998541	247.333
545.6000	-0.000993042	247.3
545.4000	-0.000998694	247.265
545.2000	-0.00100599	247.203
545.0000	-0.00100842	247.11
544.8000	-0.0010139	247.045
544.6000	-0.00101368	247.004
544.4000	-0.00100992	246.96
544.2000	-0.00101162	246.917
544.0000	-0.00102073	246.852
543.8000	-0.001022	246.763
543.6000	-0.00101481	246.683
543.4000	-0.00101413	246.65
543.2000	-0.00101761	246.619
543.0000	-0.00102259	246.586
542.8000	-0.00102543	246.541
542.6000	-0.00102841	246.472
542.4000	-0.00102282	246.409
542.2000	-0.00102069	246.387
542.0000	-0.00101724	246.369
541.8000	-0.00101722	246.355
541.6000	-0.00101564	246.316
541.4000	-0.00101531	246.246
541.2000	-0.00101372	246.187
541.0000	-0.00100934	246.162
540.8000	-0.00101255	246.141
540.6000	-0.00101468	246.118
540.4000	-0.00101665	246.073
540.2000	-0.0010167	245.997
540.0000	-0.0010218	245.927
539.8000	-0.00102166	245.904
539.6000	-0.00101875	245.882
539.4000	-0.00101999	245.85
539.2000	-0.00101684	245.772
539.0000	-0.00101487	245.691
538.8000	-0.00101833	245.611
538.6000	-0.00102102	245.574
538.4000	-0.00101978	245.533
538.2000	-0.00101817	245.489
538.0000	-0.0010209	245.396
537.8000	-0.00101831	245.299
537.6000	-0.00101636	245.233
537.4000	-0.0010154	245.189
537.2000	-0.00101223	245.144
537.0000	-0.0010106	245.099
536.8000	-0.00101366	245.013
536.6000	-0.00101194	244.926
536.4000	-0.00101197	244.87
536.2000	-0.00102021	244.836
536.0000	-0.00103125	244.803
535.8000	-0.00103844	244.747
535.6000	-0.00104089	244.666
535.4000	-0.00103539	244.584
535.2000	-0.00102786	244.526
535.0000	-0.00102628	244.488
534.8000	-0.00103184	244.451
534.6000	-0.00102847	244.369
534.4000	-0.00102231	244.286
534.2000	-0.00102009	244.209
534.0000	-0.00101633	244.172
533.8000	-0.00101877	244.137
533.6000	-0.0010264	244.103
533.4000	-0.00103021	244.033
533.2000	-0.00102616	243.961
533.0000	-0.00102563	243.918
532.8000	-0.00102735	243.889
532.6000	-0.00102398	243.862
532.4000	-0.00102099	243.811
532.2000	-0.00102466	243.733
532.0000	-0.00102404	243.655
531.8000	-0.00102404	243.603
531.6000	-0.00102753	243.567
531.4000	-0.00103148	243.527
531.2000	-0.0010346	243.445
531.0000	-0.00103736	243.36
530.8000	-0.00103897	243.278
530.6000	-0.00103709	243.239
530.4000	-0.00103964	243.201
530.2000	-0.00104049	243.141
530.0000	-0.00103511	243.053
529.8000	-0.00102825	242.963
529.6000	-0.00102326	242.907
529.4000	-0.00101733	242.866
529.2000	-0.00101818	242.81
529.0000	-0.00102384	242.731
528.8000	-0.00102468	242.651
528.6000	-0.00102467	242.579
528.4000	-0.00102484	242.549
528.2000	-0.00102973	242.52
528.0000	-0.0010313	242.453
527.8000	-0.00103513	242.383
527.6000	-0.00103262	242.315
527.4000	-0.00103224	242.288
527.2000	-0.0010323	242.26
527.0000	-0.00103426	242.213
526.8000	-0.00103918	242.137
526.6000	-0.00104007	242.063
526.4000	-0.00104624	242.014
526.2000	-0.00104807	241.978
526.0000	-0.0010528	241.926
525.8000	-0.00105589	241.853
525.6000	-0.00105292	241.775
525.4000	-0.00105223	241.701
525.2000	-0.00105492	241.672
525.0000	-0.00105568	241.64
524.8000	-0.00105661	241.577
524.6000	-0.00105811	241.513
524.4000	-0.00106345	241.45
524.2000	-0.00106772	241.425
524.0000	-0.00107148	241.399
523.8000	-0.0010709	241.33
523.6000	-0.00106668	241.255
523.4000	-0.00106494	241.182
523.2000	-0.00106943	241.128
523.0000	-0.00106773	241.088
522.8000	-0.0010655	241.014
522.6000	-0.00105753	240.937
522.4000	-0.00105759	240.859
522.2000	-0.00106395	240.81
522.0000	-0.00106789	240.782
521.8000	-0.00107236	240.708
521.6000	-0.0010738	240.635
521.4000	-0.00107027	240.561
521.2000	-0.00106695	240.51
521.0000	-0.00106846	240.476
520.8000	-0.00106823	240.4
520.6000	-0.00106387	240.325
520.4000	-0.00106029	240.251
520.2000	-0.00105922	240.208
520.0000	-0.00105475	240.178
519.8000	-0.00105925	240.109
519.6000	-0.00106504	240.04
519.4000	-0.00106924	239.968
519.2000	-0.00107114	239.93
519.0000	-0.00107894	239.903
518.8000	-0.00108462	239.839
518.6000	-0.00108985	239.77
518.4000	-0.00109488	239.702
518.2000	-0.00109447	239.661
518.0000	-0.00109552	239.637
517.8000	-0.00109632	239.567
517.6000	-0.00109956	239.496
517.4000	-0.00110165	239.427
517.2000	-0.00110332	239.378
517.0000	-0.00110612	239.346
516.8000	-0.00110769	239.277
516.6000	-0.00110664	239.206
516.4000	-0.00110641	239.133
516.2000	-0.00110493	239.084
516.0000	-0.00110413	239.05
515.8000	-0.00109848	238.976
515.6000	-0.00110087	238.9
515.4000	-0.00110349	238.821
515.2000	-0.00110449	238.772
515.0000	-0.00111149	238.72
514.8000	-0.00111744	238.646
514.6000	-0.00111719	238.577
514.4000	-0.0011173	238.508
514.2000	-0.00112164	238.467
514.0000	-0.00113209	238.428
513.8000	-0.00113295	238.366
513.6000	-0.00113313	238.304
513.4000	-0.00112816	238.247
513.2000	-0.00112534	238.226
513.0000	-0.00112869	238.167
512.8000	-0.00113867	238.106
512.6000	-0.00114672	238.051
512.4000	-0.00114781	237.993
512.2000	-0.00115309	237.958
512.0000	-0.00115896	237.907
511.8000	-0.0011653	237.853
511.6000	-0.00117087	237.793
511.4000	-0.00117361	237.762
511.2000	-0.00117279	237.731
511.0000	-0.00117524	237.672
510.8000	-0.00117516	237.612
510.6000	-0.00117361	237.56
510.4000	-0.00117684	237.534
510.2000	-0.00117581	237.473
510.0000	-0.0011755	237.409
509.8000	-0.00118039	237.343
509.6000	-0.00118482	237.277
509.4000	-0.00119007	237.231
509.2000	-0.00119151	237.166
509.0000	-0.00119279	237.098
508.8000	-0.00118869	237.027
508.6000	-0.0011906	236.982
508.4000	-0.00119202	236.912
508.2000	-0.00119251	236.84
508.0000	-0.00119065	236.769
507.8000	-0.00118957	236.707
507.6000	-0.00118684	236.657
507.4000	-0.00119217	236.58
507.2000	-0.00119583	236.506
507.0000	-0.00120055	236.429
506.8000	-0.00120375	236.376
506.6000	-0.00120961	236.303
506.4000	-0.0012137	236.225
506.2000	-0.00121623	236.142
506.0000	-0.00122445	236.067
505.8000	-0.00122801	236.007
505.6000	-0.00123208	235.922
505.4000	-0.0012352	235.833
505.2000	-0.00124006	235.749
505.0000	-0.00124621	235.686
504.8000	-0.00125515	235.61
504.6000	-0.00125814	235.528
504.4000	-0.00126093	235.451
504.2000	-0.00126246	235.383
504.0000	-0.00126319	235.316
503.8000	-0.00126357	235.255
503.6000	-0.00126599	235.195
503.4000	-0.0012666	235.138
503.2000	-0.00126204	235.096
503.0000	-0.00126417	235.05
502.8000	-0.00126576	235.006
502.6000	-0.001269	234.964
502.4000	-0.00126869	234.945
502.2000	-0.00126838	234.91
502.0000	-0.00127017	234.875
501.8000	-0.00126618	234.839
501.6000	-0.00127282	234.802
501.4000	-0.00127786	234.758
501.2000	-0.00127967	234.711
501.0000	-0.00127758	234.659
500.8000	-0.00127764	234.61
500.6000	-0.00128437	234.567
500.4000	-0.00128942	234.511
500.2000	-0.00129637	234.456
500.0000	-0.00130088	234.4
499.8000	-0.00130203	234.346
499.6000	-0.0013063	234.284
499.4000	-0.00131194	234.221
499.2000	-0.00131404	234.156
499.0000	-0.00131248	234.071
498.8000	-0.00130677	233.995
498.6000	-0.0013057	233.913
498.4000	-0.00130175	233.827
498.2000	-0.00129778	233.749
498.0000	-0.00129675	233.666
497.8000	-0.00129485	233.578
497.6000	-0.00129561	233.488
497.4000	-0.00129661	233.399
497.2000	-0.00129893	233.299
497.0000	-0.00130045	233.19
496.8000	-0.00130361	233.078
496.6000	-0.00130287	232.95
496.4000	-0.00130653	232.797
496.2000	-0.00131058	232.65
496.0000	-0.00131579	232.489
495.8000	-0.00131884	232.314
495.6000	-0.00132534	232.121
495.4000	-0.00132598	231.931
495.2000	-0.0013232	231.726
495.0000	-0.00131911	231.511
494.8000	-0.00131742	231.267
494.6000	-0.00130932	231.022
494.4000	-0.00130052	230.767
494.2000	-0.00129389	230.504
494.0000	-0.00128613	230.227
493.8000	-0.00127906	229.961
493.6000	-0.00127348	229.704
493.4000	-0.00127164	229.46
493.2000	-0.00127054	229.228
493.0000	-0.00127254	229.041
492.8000	-0.00127171	228.891
492.6000	-0.00127088	228.786
492.4000	-0.00127444	228.716
492.2000	-0.0012787	228.707
492.0000	-0.00128512	228.754
491.8000	-0.00129256	228.85
491.6000	-0.00130159	228.982
491.4000	-0.00130456	229.166
491.2000	-0.00131027	229.378
491.0000	-0.0013171	229.603
490.8000	-0.00131707	229.821
490.6000	-0.00132028	230.045
490.4000	-0.00132272	230.252
490.2000	-0.00132453	230.416
490.0000	-0.00132491	230.554
489.8000	-0.00132534	230.681
489.6000	-0.00132969	230.777
489.4000	-0.001333	230.831
489.2000	-0.00133838	230.864
489.0000	-0.00134346	230.9
488.8000	-0.00134439	230.919
488.6000	-0.0013425	230.916
488.4000	-0.00134341	230.915
488.2000	-0.0013402	230.897
488.0000	-0.0013381	230.867
487.8000	-0.00133004	230.797
487.6000	-0.00132188	230.743
487.4000	-0.00131092	230.671
487.2000	-0.00130614	230.579
487.0000	-0.00130609	230.442
486.8000	-0.00130184	230.318
486.6000	-0.00129852	230.171
486.4000	-0.00129997	229.997
486.2000	-0.00129745	229.807
486.0000	-0.00130208	229.612
485.8000	-0.00130764	229.403
485.6000	-0.00130912	229.148
485.4000	-0.00130785	228.904
485.2000	-0.00130434	228.663
485.0000	-0.00130164	228.415
484.8000	-0.00129161	228.135
484.6000	-0.00128743	227.885
484.4000	-0.00128534	227.646
484.2000	-0.00128135	227.393
484.0000	-0.00128015	227.155
483.8000	-0.00128245	226.942
483.6000	-0.00128382	226.745
483.4000	-0.00128991	226.54
483.2000	-0.00129182	226.374
483.0000	-0.00129749	226.236
482.8000	-0.00129721	226.122
482.6000	-0.0012907	226.008
482.4000	-0.00128835	225.949
482.2000	-0.00127819	225.929
482.0000	-0.00127368	225.926
481.8000	-0.00127061	225.959
481.6000	-0.0012706	226.042
481.4000	-0.00127039	226.171
481.2000	-0.00126961	226.297
481.0000	-0.00127359	226.475
480.8000	-0.00128079	226.691
480.6000	-0.00129098	226.907
480.4000	-0.00130423	227.111
480.2000	-0.00130791	227.338
480.0000	-0.00130838	227.565
479.8000	-0.00131629	227.738
479.6000	-0.00131979	227.903
479.4000	-0.00132812	228.054
479.2000	-0.001332	228.166
479.0000	-0.00133224	228.231
478.8000	-0.00132993	228.291
478.6000	-0.00133184	228.33
478.4000	-0.0013392	228.304
478.2000	-0.0013417	228.273
478.0000	-0.00134303	228.234
477.8000	-0.00134046	228.159
477.6000	-0.00133667	228.048
477.4000	-0.00133393	227.939
477.2000	-0.00133219	227.811
477.0000	-0.00132978	227.627
476.8000	-0.00132415	227.423
476.6000	-0.00131285	227.195
476.4000	-0.00130398	226.887
476.2000	-0.00129971	226.529
476.0000	-0.00129798	226.145
475.8000	-0.0012897	225.688
475.6000	-0.00128792	225.165
475.4000	-0.00128092	224.628
475.2000	-0.00127593	224.083
475.0000	-0.0012699	223.503
474.8000	-0.0012695	222.954
474.6000	-0.00126844	222.463
474.4000	-0.00126318	222.017
474.2000	-0.00126063	221.643
474.0000	-0.00126071	221.392
473.8000	-0.00126626	221.21
473.6000	-0.00127103	221.096
473.4000	-0.00127678	221.079
473.2000	-0.00128149	221.136
473.0000	-0.00128315	221.205
472.8000	-0.00128981	221.293
472.6000	-0.00129853	221.399
472.4000	-0.00130093	221.449
472.2000	-0.00129602	221.457
472.0000	-0.00129436	221.447
471.8000	-0.00129134	221.356
471.6000	-0.0012878	221.188
471.4000	-0.00127958	220.988
471.2000	-0.00127137	220.74
471.0000	-0.00126154	220.428
470.8000	-0.00125649	220.099
470.6000	-0.00125693	219.758
470.4000	-0.00125145	219.372
470.2000	-0.00124782	218.981
470.0000	-0.00124337	218.625
469.8000	-0.00124085	218.25
469.6000	-0.00123729	217.888
469.4000	-0.00123625	217.578
469.2000	-0.00123391	217.286
469.0000	-0.00123237	217.04
468.8000	-0.00122865	216.871
468.6000	-0.00122805	216.769
468.4000	-0.00122661	216.716
468.2000	-0.00122737	216.759
468.0000	-0.00123524	216.878
467.8000	-0.00124466	217.057
467.6000	-0.00125274	217.319
467.4000	-0.0012629	217.631
467.2000	-0.00127324	217.97
467.0000	-0.00128961	218.34
466.8000	-0.00130887	218.749
466.6000	-0.00132325	219.121
466.4000	-0.00133682	219.48
466.2000	-0.00134828	219.832
466.0000	-0.00136183	220.111
465.8000	-0.00136549	220.347
465.6000	-0.00137337	220.558
465.4000	-0.00137477	220.684
465.2000	-0.00136932	220.755
465.0000	-0.00136815	220.807
464.8000	-0.00136425	220.8
464.6000	-0.00136198	220.76
464.4000	-0.0013557	220.716
464.2000	-0.00135299	220.645
464.0000	-0.00134931	220.565
463.8000	-0.00134614	220.509
463.6000	-0.00134809	220.449
463.4000	-0.0013495	220.41
463.2000	-0.00135218	220.417
463.0000	-0.00135073	220.441
462.8000	-0.00135329	220.495
462.6000	-0.00135497	220.602
462.4000	-0.00135837	220.726
462.2000	-0.00136828	220.874
462.0000	-0.00137456	221.065
461.8000	-0.00138025	221.253
461.6000	-0.00138329	221.446
461.4000	-0.00139188	221.656
461.2000	-0.00139949	221.844
461.0000	-0.00140781	222.012
460.8000	-0.00141198	222.187
460.6000	-0.00141126	222.318
460.4000	-0.00140984	222.424
460.2000	-0.00141115	222.508
460.0000	-0.00141479	222.561
459.8000	-0.00142104	222.584
459.6000	-0.0014291	222.591
459.4000	-0.00143182	222.578
459.2000	-0.00143823	222.553
459.0000	-0.0014433	222.527
458.8000	-0.00144686	222.499
458.6000	-0.00144663	222.482
458.4000	-0.00144437	222.495
458.2000	-0.00143904	222.509
458.0000	-0.00143631	222.55
457.8000	-0.00143511	222.615
457.6000	-0.00143184	222.699
457.4000	-0.00142894	222.799
457.2000	-0.00143033	222.907
457.0000	-0.00143261	223.029
456.8000	-0.00143864	223.155
456.6000	-0.00144929	223.28
456.4000	-0.00145395	223.402
456.2000	-0.00145563	223.514
456.0000	-0.00146672	223.616
455.8000	-0.00147784	223.699
455.6000	-0.00148423	223.778
455.4000	-0.0014893	223.83
455.2000	-0.00149756	223.861
455.0000	-0.00150321	223.85
454.8000	-0.0015111	223.816
454.6000	-0.0015173	223.752
454.4000	-0.00151086	223.645
454.2000	-0.00150522	223.51
454.0000	-0.00150297	223.334
453.8000	-0.00150431	223.143
453.6000	-0.00150273	222.935
453.4000	-0.00149887	222.732
453.2000	-0.00149377	222.525
453.0000	-0.00148761	222.317
452.8000	-0.00148539	222.105
452.6000	-0.00148591	221.9
452.4000	-0.00148611	221.696
452.2000	-0.00148696	221.488
452.0000	-0.00148904	221.28
451.8000	-0.00148738	221.062
451.6000	-0.00148517	220.855
451.4000	-0.00148471	220.664
451.2000	-0.00148574	220.5
451.0000	-0.00148948	220.401
450.8000	-0.00149068	220.363
450.6000	-0.001495	220.389
450.4000	-0.00149343	220.505
450.2000	-0.00150121	220.679
450.0000	-0.00150895	220.927
449.8000	-0.00151562	221.236
449.6000	-0.00152643	221.58
449.4000	-0.00153619	221.945
449.2000	-0.00154735	222.314
449.0000	-0.00155709	222.654
448.8000	-0.00156703	222.972
448.6000	-0.00157914	223.247
448.4000	-0.00158658	223.488
448.2000	-0.00159445	223.679
448.0000	-0.00159651	223.819
447.8000	-0.00159789	223.927
447.6000	-0.00160079	223.986
447.4000	-0.0016011	224.024
447.2000	-0.00160206	224.051
447.0000	-0.0016017	224.04
446.8000	-0.00160117	224.041
446.6000	-0.00160366	224.023
446.4000	-0.00160663	224
446.2000	-0.00161157	223.983
446.0000	-0.00161653	223.939
445.8000	-0.00162078	223.918
445.6000	-0.0016228	223.877
445.4000	-0.00162107	223.839
445.2000	-0.0016236	223.813
445.0000	-0.00162427	223.769
444.8000	-0.0016279	223.743
444.6000	-0.00163245	223.706
444.4000	-0.00163235	223.675
444.2000	-0.00163308	223.647
444.0000	-0.00163679	223.603
443.8000	-0.00163601	223.575
443.6000	-0.00163501	223.534
443.4000	-0.00163278	223.491
443.2000	-0.00163145	223.456
443.0000	-0.00162747	223.4
442.8000	-0.00162794	223.367
442.6000	-0.00162845	223.322
442.4000	-0.00163127	223.277
442.2000	-0.00163353	223.246
442.0000	-0.00163883	223.195
441.8000	-0.00164211	223.168
441.6000	-0.00164482	223.134
441.4000	-0.00164844	223.098
441.2000	-0.00165294	223.072
441.0000	-0.00165481	223.021
440.8000	-0.00165297	222.983
440.6000	-0.00165771	222.93
440.4000	-0.00166659	222.877
440.2000	-0.00167346	222.814
440.0000	-0.00168169	222.732
439.8000	-0.00168463	222.667
439.6000	-0.00168781	222.577
439.4000	-0.00169511	222.497
439.2000	-0.00170244	222.424
439.0000	-0.00170583	222.345
438.8000	-0.00170816	222.296
438.6000	-0.00170958	222.244
438.4000	-0.00171129	222.224
438.2000	-0.00171555	222.196
438.0000	-0.00172318	222.203
437.8000	-0.00172617	222.224
437.6000	-0.00172621	222.254
437.4000	-0.00173033	222.318
437.2000	-0.00173686	222.369
437.0000	-0.00174188	222.432
436.8000	-0.00174318	222.489
436.6000	-0.00174497	222.554
436.4000	-0.00174785	222.617
436.2000	-0.00174614	222.662
436.0000	-0.00175004	222.712
435.8000	-0.00175078	222.731
435.6000	-0.00174781	222.761
435.4000	-0.00174294	222.772
435.2000	-0.00174681	222.794
435.0000	-0.00175056	222.8
434.8000	-0.00175341	222.809
434.6000	-0.00175704	222.814
434.4000	-0.00176092	222.806
434.2000	-0.00176921	222.804
434.0000	-0.00177715	222.795
433.8000	-0.0017811	222.797
433.6000	-0.00178824	222.782
433.4000	-0.00178952	222.779
433.2000	-0.00178973	222.755
433.0000	-0.00179497	222.733
432.8000	-0.00180068	222.722
432.6000	-0.00180683	222.706
432.4000	-0.00180913	222.698
432.2000	-0.00180926	222.674
432.0000	-0.00181253	222.664
431.8000	-0.0018162	222.635
431.6000	-0.00182295	222.624
431.4000	-0.00182744	222.603
431.2000	-0.00182527	222.582
431.0000	-0.00182301	222.559
430.8000	-0.00182805	222.533
430.6000	-0.00183404	222.513
430.4000	-0.0018385	222.483
430.2000	-0.00183668	222.458
430.0000	-0.00184178	222.432
429.8000	-0.00184537	222.404
429.6000	-0.00185078	222.377
429.4000	-0.0018581	222.36
429.2000	-0.00186114	222.326
429.0000	-0.00186652	222.295
428.8000	-0.00187724	222.27
428.6000	-0.00188328	222.241
428.4000	-0.00188637	222.204
428.2000	-0.00188727	222.169
428.0000	-0.0018849	222.14
427.8000	-0.00188043	222.108
427.6000	-0.00188048	222.073
427.4000	-0.00188176	222.042
427.2000	-0.00188025	222.021
427.0000	-0.0018805	221.991
426.8000	-0.00188454	221.968
426.6000	-0.0018843	221.942
426.4000	-0.00188967	221.916
426.2000	-0.00189844	221.886
426.0000	-0.00190252	221.86
425.8000	-0.00190501	221.831
425.6000	-0.00191524	221.79
425.4000	-0.00192389	221.755
425.2000	-0.00192885	221.714
425.0000	-0.00193555	221.681
424.8000	-0.00194431	221.638
424.6000	-0.00195209	221.604
424.4000	-0.00196115	221.561
424.2000	-0.00196723	221.524
424.0000	-0.00196519	221.477
423.8000	-0.00196554	221.442
423.6000	-0.00196892	221.4
423.4000	-0.00197453	221.362
423.2000	-0.00197539	221.308
423.0000	-0.00197337	221.258
422.8000	-0.0019702	221.201
422.6000	-0.00197098	221.143
422.4000	-0.00197347	221.073
422.2000	-0.00197296	220.997
422.0000	-0.00197483	220.906
421.8000	-0.00197751	220.814
421.6000	-0.00198123	220.71
421.4000	-0.00198677	220.607
421.2000	-0.00199315	220.494
421.0000	-0.00200036	220.383
420.8000	-0.00200437	220.268
420.6000	-0.00201195	220.169
420.4000	-0.00201331	220.072
420.2000	-0.00201548	220.001
420.0000	-0.00202215	219.941
419.8000	-0.00202654	219.91
419.6000	-0.00203225	219.891
419.4000	-0.00204007	219.906
419.2000	-0.00204736	219.936
419.0000	-0.00205432	219.991
418.8000	-0.00206171	220.049
418.6000	-0.00206668	220.123
418.4000	-0.00206992	220.187
418.2000	-0.0020674	220.27
418.0000	-0.00206807	220.333
417.8000	-0.00206958	220.409
417.6000	-0.00207224	220.46
417.4000	-0.0020708	220.516
417.2000	-0.00206809	220.558
417.0000	-0.00207122	220.592
416.8000	-0.00207328	220.62
416.6000	-0.00208744	220.639
416.4000	-0.00209783	220.648
416.2000	-0.002105	220.649
416.0000	-0.00210577	220.646
415.8000	-0.00210587	220.639
415.6000	-0.00211143	220.62
415.4000	-0.00212115	220.587
415.2000	-0.00212776	220.57
415.0000	-0.00212817	220.529
414.8000	-0.00212723	220.506
414.6000	-0.0021275	220.465
414.4000	-0.00212952	220.428
414.2000	-0.00213919	220.383
414.0000	-0.00214704	220.349
413.8000	-0.0021492	220.312
413.6000	-0.00214477	220.265
413.4000	-0.00214693	220.232
413.2000	-0.00215478	220.186
413.0000	-0.00216198	220.157
412.8000	-0.00217035	220.119
412.6000	-0.00217557	220.093
412.4000	-0.00217259	220.062
412.2000	-0.00217	220.049
412.0000	-0.002177	220.04
411.8000	-0.00218302	220.024
411.6000	-0.00218441	220.028
411.4000	-0.00218668	220.024
411.2000	-0.00218991	220.026
411.0000	-0.00219526	220.032
410.8000	-0.00220435	220.048
410.6000	-0.00222076	220.052
410.4000	-0.00223386	220.055
410.2000	-0.00224119	220.073
410.0000	-0.00224732	220.079
409.8000	-0.00224708	220.085
409.6000	-0.00224956	220.086
409.4000	-0.00225133	220.097
409.2000	-0.00225392	220.1
409.0000	-0.0022579	220.102
408.8000	-0.00226161	220.119
408.6000	-0.00226452	220.128
408.4000	-0.00226435	220.142
408.2000	-0.00227148	220.157
408.0000	-0.00227971	220.174
407.8000	-0.00228766	220.189
407.6000	-0.0022988	220.199
407.4000	-0.00230731	220.213
407.2000	-0.00231048	220.226
407.0000	-0.00232118	220.239
406.8000	-0.00232864	220.246
406.6000	-0.00233661	220.251
406.4000	-0.00234331	220.259
406.2000	-0.00234946	220.264
406.0000	-0.00234927	220.282
405.8000	-0.00234251	220.303
405.6000	-0.00234175	220.313
405.4000	-0.00234685	220.315
405.2000	-0.00235677	220.329
405.0000	-0.00235911	220.336
404.8000	-0.00236362	220.347
404.6000	-0.00236368	220.354
404.4000	-0.00236599	220.354
404.2000	-0.00237646	220.357
404.0000	-0.00238532	220.357
403.8000	-0.002385	220.353
403.6000	-0.00238239	220.351
403.4000	-0.00238766	220.354
403.2000	-0.00239291	220.357
403.0000	-0.00240091	220.354
402.8000	-0.00240589	220.346
402.6000	-0.00240727	220.337
402.4000	-0.00241135	220.314
402.2000	-0.00242225	220.287
402.0000	-0.00243114	220.265
401.8000	-0.00243611	220.233
401.6000	-0.00244366	220.202
401.4000	-0.00245067	220.161
401.2000	-0.00246102	220.117
401.0000	-0.00247304	220.082
400.8000	-0.0024856	220.041
400.6000	-0.00248965	220.005
400.4000	-0.00249013	219.973
400.2000	-0.00249115	219.922
400.0000	-0.00249471	219.876
399.8000	-0.00250366	219.832
399.6000	-0.00250691	219.79
399.4000	-0.0025071	219.756
399.2000	-0.00250684	219.722
399.0000	-0.00250793	219.689
398.8000	-0.00251483	219.669
398.6000	-0.00252675	219.654
398.4000	-0.00253567	219.647
398.2000	-0.00253606	219.656
398.0000	-0.00254161	219.661
397.8000	-0.00255206	219.685
397.6000	-0.00256235	219.718
397.4000	-0.00257193	219.752
397.2000	-0.002578	219.8
397.0000	-0.00257863	219.863
396.8000	-0.00258249	219.928
396.6000	-0.00259116	220.005
396.4000	-0.00259676	220.091
396.2000	-0.00260219	220.175
396.0000	-0.00260779	220.273
395.8000	-0.0026101	220.386
395.6000	-0.00261913	220.493
395.4000	-0.00262621	220.607
395.2000	-0.0026273	220.726
395.0000	-0.00262567	220.841
394.8000	-0.00262886	220.964
394.6000	-0.00262928	221.089
394.4000	-0.00262974	221.207
394.2000	-0.00263167	221.318
394.0000	-0.00263399	221.434
393.8000	-0.00263111	221.55
393.6000	-0.00263795	221.667
393.4000	-0.00264994	221.79
393.2000	-0.00265572	221.913
393.0000	-0.00266204	222.04
392.8000	-0.00266727	222.172
392.6000	-0.00267235	222.314
392.4000	-0.00267896	222.448
392.2000	-0.00268983	222.592
392.0000	-0.00270088	222.73
391.8000	-0.00270645	222.865
391.6000	-0.0027129	223.007
391.4000	-0.00272471	223.155
391.2000	-0.00273258	223.311
391.0000	-0.00273739	223.471
390.8000	-0.00274336	223.638
390.6000	-0.00274191	223.807
390.4000	-0.0027436	223.989
390.2000	-0.00274636	224.179
390.0000	-0.00275125	224.379
389.8000	-0.00275314	224.584
389.6000	-0.00275913	224.785
389.4000	-0.00276428	224.983
389.2000	-0.00276779	225.191
389.0000	-0.00277243	225.415
388.8000	-0.00278257	225.643
388.6000	-0.00278685	225.879
388.4000	-0.00278858	226.11
388.2000	-0.00279287	226.351
388.0000	-0.00279503	226.594
387.8000	-0.00279552	226.852
387.6000	-0.0028006	227.107
387.4000	-0.00280866	227.373
387.2000	-0.0028139	227.634
387.0000	-0.00281774	227.906
386.8000	-0.00282234	228.192
386.6000	-0.00283101	228.487
386.4000	-0.00283592	228.785
386.2000	-0.00284852	229.095
386.0000	-0.00285586	229.416
385.8000	-0.00286301	229.745
385.6000	-0.00287012	230.077
385.4000	-0.00287702	230.422
385.2000	-0.00288201	230.764
385.0000	-0.00288901	231.125
384.8000	-0.00289335	231.495
384.6000	-0.00289904	231.866
384.4000	-0.00289913	232.256
384.2000	-0.00289615	232.669
384.0000	-0.0028968	233.091
383.8000	-0.00289956	233.515
383.6000	-0.00290247	233.965
383.4000	-0.00290153	234.428
383.2000	-0.00289931	234.906
383.0000	-0.00289856	235.401
382.8000	-0.00290076	235.906
382.6000	-0.00290664	236.43
382.4000	-0.0029121	236.963
382.2000	-0.00291548	237.518
382.0000	-0.00291702	238.081
381.8000	-0.00292678	238.657
381.6000	-0.00293357	239.252
381.4000	-0.0029356	239.863
381.2000	-0.00294001	240.495
381.0000	-0.00294825	241.137
380.8000	-0.00295464	241.801
380.6000	-0.00296032	242.495
380.4000	-0.00296188	243.21
380.2000	-0.00296531	243.949
380.0000	-0.00296897	244.707
379.8000	-0.00297209	245.481
379.6000	-0.0029768	246.291
379.4000	-0.00297731	247.13
379.2000	-0.00297283	247.996
379.0000	-0.00297502	248.881
378.8000	-0.00297858	249.788
378.6000	-0.00298231	250.719
378.4000	-0.00298404	251.682
378.2000	-0.00298777	252.671
378.0000	-0.00299119	253.678
377.8000	-0.00299327	254.707
377.6000	-0.00299949	255.754
377.4000	-0.0030015	256.823
377.2000	-0.00300479	257.939
377.0000	-0.00301092	259.079
376.8000	-0.00300836	260.25
376.6000	-0.00300353	261.453
376.4000	-0.00300215	262.688
376.2000	-0.00300437	263.944
376.0000	-0.0030055	265.238
375.8000	-0.00301058	266.557
375.6000	-0.00301736	267.89
375.4000	-0.00302032	269.249
375.2000	-0.00302485	270.629
375.0000	-0.0030311	272.034
374.8000	-0.00304047	273.472
374.6000	-0.00304575	274.938
374.4000	-0.00304817	276.434
374.2000	-0.00305078	277.968
374.0000	-0.00305366	279.542
373.8000	-0.0030466	281.163
373.6000	-0.00304354	282.82
373.4000	-0.00304525	284.522
373.2000	-0.00304453	286.261
373.0000	-0.00304485	288.034
372.8000	-0.0030454	289.847
372.6000	-0.00304408	291.697
372.4000	-0.00304351	293.58
372.2000	-0.00304874	295.485
372.0000	-0.0030583	297.42
371.8000	-0.00306821	299.386
371.6000	-0.00307623	301.367
371.4000	-0.00308307	303.387
371.2000	-0.00308694	305.429
371.0000	-0.00310006	307.5
370.8000	-0.00310675	309.622
370.6000	-0.0031045	311.789
370.4000	-0.00310385	314.006
370.2000	-0.00310777	316.262
370.0000	-0.00311411	318.564
369.8000	-0.00311754	320.917
369.6000	-0.00312288	323.316
369.4000	-0.00312756	325.762
369.2000	-0.00313493	328.235
369.0000	-0.00314584	330.736
368.8000	-0.00315647	333.295
368.6000	-0.00316805	335.91
368.4000	-0.0031723	338.549
368.2000	-0.00317273	341.23
368.0000	-0.00318025	343.941
367.8000	-0.00319024	346.695
367.6000	-0.00320667	349.492
367.4000	-0.00322283	352.339
367.2000	-0.0032455	355.206
367.0000	-0.00326864	358.062
366.8000	-0.0032854	360.958
366.6000	-0.003309	363.893
366.4000	-0.0033429	366.871
366.2000	-0.00337345	369.871
366.0000	-0.00340157	372.903
365.8000	-0.0034193	375.947
365.6000	-0.00344213	379.02
365.4000	-0.00345588	382.129
365.2000	-0.0034696	385.254
365.0000	-0.00349945	388.396
364.8000	-0.00352814	391.544
364.6000	-0.00355749	394.701
364.4000	-0.00358975	397.862
364.2000	-0.0036364	401.048
364.0000	-0.00367925	404.254
363.8000	-0.00372583	407.468
363.6000	-0.00378384	410.694
363.4000	-0.00383488	413.95
363.2000	-0.0038785	417.232
363.0000	-0.00390998	420.525
362.8000	-0.00395837	423.846
362.6000	-0.00400608	427.163
362.4000	-0.00406335	430.471
362.2000	-0.00413709	433.789
362.0000	-0.00420808	437.119
361.8000	-0.00428693	440.445
361.6000	-0.00438389	443.772
361.4000	-0.00448842	447.115
361.2000	-0.00458687	450.451
361.0000	-0.00468914	453.821
360.8000	-0.00479511	457.217
360.6000	-0.00488479	460.612
360.4000	-0.00500158	464.025
360.2000	-0.00512835	467.447
360.0000	-0.00524475	470.887
359.8000	-0.00537169	474.334
359.6000	-0.00551307	477.797
359.4000	-0.00565775	481.267
359.2000	-0.00581158	484.76
359.0000	-0.00596047	488.295
358.8000	-0.00611749	491.833
358.6000	-0.00626901	495.385
358.4000	-0.00642746	498.932
358.2000	-0.00660627	502.483
358.0000	-0.00681473	506.049
357.8000	-0.00703701	509.613
357.6000	-0.00724018	513.132
357.4000	-0.00748323	516.628
357.2000	-0.00776217	520.122
357.0000	-0.00805603	523.621
356.8000	-0.00834186	527.142
356.6000	-0.00863275	530.687
356.4000	-0.00892196	534.235
356.2000	-0.00924019	537.777
356.0000	-0.00960805	541.345
355.8000	-0.00997884	544.928
355.6000	-0.0103468	548.513
355.4000	-0.0107285	552.09
355.2000	-0.0111618	555.62
355.0000	-0.0115681	559.119
354.8000	-0.0119985	562.595
354.6000	-0.0124314	566.04
354.4000	-0.0128264	569.452
354.2000	-0.0132653	572.843
354.0000	-0.0137328	576.242
353.8000	-0.0141935	579.597
353.6000	-0.0146596	582.954
353.4000	-0.0151915	586.291
353.2000	-0.0157647	589.611
353.0000	-0.0163141	592.886
352.8000	-0.0169222	596.154
352.6000	-0.0175431	599.385
352.4000	-0.0181546	602.542
352.2000	-0.0188274	605.659
352.0000	-0.0195433	608.751
351.8000	-0.0202611	611.79
351.6000	-0.0209329	614.761
351.4000	-0.0216205	617.699
351.2000	-0.0223087	620.579
351.0000	-0.0230592	623.375
350.8000	-0.0238565	626.138
350.6000	-0.0246362	628.83
350.4000	-0.0253922	631.469
350.2000	-0.026104	634.052
350.0000	-0.026835	636.595
