750.0000	0.00345669	345.468
749.8000	0.00346429	345.43
749.6000	0.00346704	345.395
749.4000	0.00346134	345.356
749.2000	0.00345909	345.316
749.0000	0.00346389	345.272
748.8000	0.00346671	345.215
748.6000	0.00346299	345.146
748.4000	0.00345795	345.059
748.2000	0.00345334	344.891
748.0000	0.00345764	344.641
747.8000	0.00346037	344.39
747.6000	0.00347254	344.128
747.4000	0.00348006	343.849
747.2000	0.00348484	343.566
747.0000	0.0034897	343.285
746.8000	0.0034945	343.003
746.6000	0.00349957	342.739
746.4000	0.00349923	342.582
746.2000	0.00350865	342.425
746.0000	0.00351367	342.263
745.8000	0.00350787	342.101
745.6000	0.00350535	341.925
745.4000	0.00350919	341.745
745.2000	0.00351256	341.56
745.0000	0.00351391	341.389
744.8000	0.00352056	341.234
744.6000	0.00353163	341.083
744.4000	0.0035338	340.926
744.2000	0.00353946	340.774
744.0000	0.00354747	340.629
743.8000	0.00355606	340.491
743.6000	0.00356114	340.367
743.4000	0.0035641	340.25
743.2000	0.00357164	340.057
743.0000	0.00357044	339.779
742.8000	0.00357582	339.514
742.6000	0.00357737	339.259
742.4000	0.00357576	339.024
742.2000	0.0035747	338.805
742.0000	0.00358371	338.589
741.8000	0.00359013	338.379
741.6000	0.00359149	338.196
741.4000	0.00358991	338.159
741.2000	0.00357952	338.121
741.0000	0.00357495	338.083
740.8000	0.00357916	338.043
740.6000	0.00358127	338.007
740.4000	0.00358026	337.965
740.2000	0.00358039	337.919
740.0000	0.00359275	337.867
739.8000	0.00360103	337.806
739.6000	0.00360881	337.735
739.4000	0.0036204	337.651
739.2000	0.00361928	337.539
739.0000	0.00361779	337.406
738.8000	0.00361753	337.262
738.6000	0.00361464	337.104
738.4000	0.00360786	336.861
738.2000	0.00361046	336.514
738.0000	0.00361066	336.148
737.8000	0.00360786	335.761
737.6000	0.00361655	335.374
737.4000	0.00363117	334.977
737.2000	0.00364518	334.547
737.0000	0.00365125	334.088
736.8000	0.00365647	333.62
736.6000	0.00366232	333.258
736.4000	0.00366884	332.898
736.2000	0.00368258	332.542
736.0000	0.00368806	332.195
735.8000	0.00369027	331.857
735.6000	0.00369034	331.559
735.4000	0.00368965	331.307
735.2000	0.0036916	331.108
735.0000	0.00368847	330.957
734.8000	0.00368562	330.854
734.6000	0.00368328	330.801
734.4000	0.00368605	330.789
734.2000	0.00368409	330.816
734.0000	0.00368056	330.876
733.8000	0.00368229	330.964
733.6000	0.00368886	330.943
733.4000	0.00370216	330.938
733.2000	0.00370579	330.95
733.0000	0.00371092	330.958
732.8000	0.00371114	330.963
732.6000	0.00371093	330.965
732.4000	0.00371671	330.972
732.2000	0.0037256	330.975
732.0000	0.00373502	331.046
731.8000	0.00373496	331.163
731.6000	0.00374263	331.274
731.4000	0.00374969	331.385
731.2000	0.00376034	331.498
731.0000	0.00377654	331.614
730.8000	0.0037813	331.721
730.6000	0.00378788	331.818
730.4000	0.00378599	331.917
730.2000	0.00378442	332.024
730.0000	0.00379043	332.12
729.8000	0.00379283	332.206
729.6000	0.00379746	332.293
729.4000	0.00379438	332.383
729.2000	0.00379361	332.414
729.0000	0.00379529	332.367
728.8000	0.00379702	332.318
728.6000	0.0038067	332.265
728.4000	0.00381032	332.21
728.2000	0.00380631	332.161
728.0000	0.00380597	332.111
727.8000	0.00380916	332.052
727.6000	0.00381503	332.007
727.4000	0.00381801	332.067
727.2000	0.00382124	332.129
727.0000	0.00381621	332.183
726.8000	0.0038154	332.234
726.6000	0.00382244	332.278
726.4000	0.00383046	332.312
726.2000	0.00383523	332.339
726.0000	0.00383297	332.354
725.8000	0.003836	332.363
725.6000	0.00384073	332.367
725.4000	0.00385162	332.365
725.2000	0.00385567	332.356
725.0000	0.00386006	332.332
724.8000	0.00386296	332.244
724.6000	0.00386846	332.079
724.4000	0.00387906	331.906
724.2000	0.00388673	331.725
724.0000	0.00389065	331.534
723.8000	0.00389009	331.328
723.6000	0.00389269	331.112
723.4000	0.00389703	330.891
723.2000	0.00390409	330.691
723.0000	0.00390268	330.601
722.8000	0.00389994	330.502
722.6000	0.0038965	330.39
722.4000	0.0038983	330.272
722.2000	0.00390595	330.145
722.0000	0.0039102	330.009
721.8000	0.0039111	329.867
721.6000	0.00390868	329.719
721.4000	0.0039119	329.559
721.2000	0.00391688	329.391
721.0000	0.00392739	329.215
720.8000	0.00392942	329.04
720.6000	0.00393034	328.86
720.4000	0.00393165	328.556
720.2000	0.00394437	328.24
720.0000	0.00395314	327.91
719.8000	0.00396041	327.574
719.6000	0.00396422	327.239
719.4000	0.00396494	326.919
719.2000	0.00397134	326.602
719.0000	0.00398059	326.28
718.8000	0.0039868	326.038
718.6000	0.00398209	325.85
718.4000	0.00397757	325.678
718.2000	0.00397522	325.508
718.0000	0.00397933	325.337
717.8000	0.00398546	325.164
717.6000	0.0039874	324.999
717.4000	0.00398214	324.836
717.2000	0.00398566	324.686
717.0000	0.00399409	324.54
716.8000	0.00400863	324.387
716.6000	0.00401296	324.231
716.4000	0.0040177	324.032
716.2000	0.0040161	323.763
716.0000	0.00401798	323.494
715.8000	0.00402391	323.229
715.6000	0.00402509	322.981
715.4000	0.00402542	322.74
715.2000	0.00402607	322.514
715.0000	0.00402783	322.299
714.8000	0.00403628	322.12
714.6000	0.0040403	322.06
714.4000	0.00404629	322.017
714.2000	0.00405566	321.988
714.0000	0.00406477	321.974
713.8000	0.00406829	321.972
713.6000	0.00407119	321.985
713.4000	0.00407451	322.015
713.2000	0.00408246	322.056
713.0000	0.00409482	322.109
712.8000	0.00409912	322.171
712.6000	0.00410309	322.243
712.4000	0.00410651	322.325
712.2000	0.00412055	322.31
712.0000	0.00412766	322.289
711.8000	0.00413501	322.267
711.6000	0.00413992	322.249
711.4000	0.00414351	322.235
711.2000	0.00414439	322.222
711.0000	0.00414313	322.212
710.8000	0.00414358	322.194
710.6000	0.00414181	322.25
710.4000	0.00413795	322.349
710.2000	0.00413964	322.456
710.0000	0.00414219	322.556
709.8000	0.00414309	322.645
709.6000	0.0041492	322.726
709.4000	0.00415827	322.804
709.2000	0.0041648	322.876
709.0000	0.00417402	322.944
708.8000	0.00418554	322.998
708.6000	0.00419941	323.044
708.4000	0.00421314	323.084
708.2000	0.00422118	323.004
708.0000	0.00422202	322.907
707.8000	0.00422566	322.81
707.6000	0.00423072	322.712
707.4000	0.0042305	322.606
707.2000	0.00423346	322.492
707.0000	0.00422948	322.376
706.8000	0.00423095	322.256
706.6000	0.00423187	322.207
706.4000	0.00423705	322.207
706.2000	0.0042423	322.207
706.0000	0.00424897	322.199
705.8000	0.00425149	322.186
705.6000	0.00425075	322.172
705.4000	0.00425749	322.152
705.2000	0.00425623	322.129
705.0000	0.00425804	322.106
704.8000	0.00425807	322.074
704.6000	0.0042619	322.038
704.4000	0.00426123	321.885
704.2000	0.00426592	321.713
704.0000	0.00427105	321.54
703.8000	0.00427333	321.37
703.6000	0.00427734	321.192
703.4000	0.00428145	321.015
703.2000	0.00428253	320.839
703.0000	0.00428222	320.661
702.8000	0.00428366	320.554
702.6000	0.00429067	320.495
702.4000	0.00430126	320.435
702.2000	0.00430987	320.368
702.0000	0.00432091	320.301
701.8000	0.00432925	320.237
701.6000	0.00433999	320.169
701.4000	0.00435036	320.1
701.2000	0.00436039	320.033
701.0000	0.0043649	319.966
700.8000	0.00436282	319.899
700.6000	0.00436132	319.712
700.4000	0.00435857	319.522
700.2000	0.00436347	319.324
700.0000	0.00436613	319.131
699.8000	0.00436369	318.943
699.6000	0.00436478	318.752
699.4000	0.00436732	318.548
699.2000	0.00437587	318.342
699.0000	0.00438327	318.211
698.8000	0.00439459	318.124
698.6000	0.00439645	318.024
698.4000	0.00440064	317.911
698.2000	0.00439869	317.788
698.0000	0.00440414	317.665
697.8000	0.00441576	317.544
697.6000	0.00442479	317.425
697.4000	0.00443283	317.297
697.2000	0.00443553	317.17
697.0000	0.00443947	316.989
696.8000	0.00444518	316.753
696.6000	0.00445343	316.515
696.4000	0.00446239	316.259
696.2000	0.00446125	315.994
696.0000	0.00445929	315.734
695.8000	0.00445891	315.465
695.6000	0.00446207	315.19
695.4000	0.00446769	314.936
695.2000	0.00447325	314.773
695.0000	0.00447871	314.608
694.8000	0.00448757	314.443
694.6000	0.00449007	314.293
694.4000	0.00448788	314.119
694.2000	0.00448888	313.943
694.0000	0.00449065	313.774
693.8000	0.00449001	313.606
693.6000	0.00449446	313.443
693.4000	0.00449653	313.231
693.2000	0.00449987	312.96
693.0000	0.00450496	312.689
692.8000	0.00451767	312.43
692.6000	0.00452722	312.184
692.4000	0.00453594	311.938
692.2000	0.00454387	311.689
692.0000	0.00454815	311.44
691.8000	0.0045554	311.218
691.6000	0.00456256	311.096
691.4000	0.0045745	310.98
691.2000	0.00458304	310.856
691.0000	0.00458651	310.743
690.8000	0.00458696	310.641
690.6000	0.00458712	310.546
690.4000	0.00458961	310.458
690.2000	0.00459466	310.378
690.0000	0.00459426	310.305
689.8000	0.00459128	310.133
689.6000	0.00458951	309.959
689.4000	0.00459524	309.791
689.2000	0.00460108	309.628
689.0000	0.00461285	309.472
688.8000	0.00462113	309.318
688.6000	0.00461989	309.161
688.4000	0.00462335	309.003
688.2000	0.00462398	308.91
688.0000	0.00462322	308.863
687.8000	0.00462188	308.815
687.6000	0.0046211	308.765
687.4000	0.00462675	308.704
687.2000	0.00462675	308.634
687.0000	0.00462534	308.557
686.8000	0.00462586	308.472
686.6000	0.00463318	308.388
686.4000	0.00464281	308.2
686.2000	0.00465334	308.001
686.0000	0.0046642	307.803
685.8000	0.00466716	307.615
685.6000	0.00467553	307.439
685.4000	0.00468285	307.274
685.2000	0.00468788	307.127
685.0000	0.0046936	306.992
684.8000	0.00470294	306.94
684.6000	0.00470026	306.954
684.4000	0.00470071	306.989
684.2000	0.00470165	307.043
684.0000	0.00470605	307.122
683.8000	0.00471325	307.221
683.6000	0.00471975	307.347
683.4000	0.00472726	307.501
683.2000	0.00472762	307.681
683.0000	0.00473403	307.786
682.8000	0.00474532	307.897
682.6000	0.00475635	308.001
682.4000	0.00476375	308.091
682.2000	0.00476866	308.168
682.0000	0.0047712	308.231
681.8000	0.00477851	308.266
681.6000	0.00478803	308.277
681.4000	0.00479497	308.326
681.2000	0.004805	308.39
681.0000	0.00480852	308.447
680.8000	0.00481102	308.496
680.6000	0.00481564	308.539
680.4000	0.00482448	308.575
680.2000	0.00483402	308.606
680.0000	0.00483855	308.63
679.8000	0.0048441	308.601
679.6000	0.00485374	308.504
679.4000	0.00486298	308.407
679.2000	0.00486804	308.302
679.0000	0.004868	308.194
678.8000	0.00487018	308.083
678.6000	0.0048703	307.976
678.4000	0.00487062	307.865
678.2000	0.00487484	307.761
678.0000	0.00487702	307.753
677.8000	0.00487389	307.746
677.6000	0.00487116	307.74
677.4000	0.00487303	307.734
677.2000	0.00488381	307.732
677.0000	0.00489128	307.725
676.8000	0.00489628	307.716
676.6000	0.00490016	307.662
676.4000	0.00490179	307.548
676.2000	0.00490506	307.435
676.0000	0.00491394	307.324
675.8000	0.00493046	307.214
675.6000	0.00494041	307.102
675.4000	0.00495192	306.992
675.2000	0.00496218	306.887
675.0000	0.00496815	306.797
674.8000	0.00497878	306.795
674.6000	0.00498162	306.797
674.4000	0.00498159	306.802
674.2000	0.00497786	306.803
674.0000	0.00498073	306.804
673.8000	0.00497677	306.804
673.6000	0.00497774	306.797
673.4000	0.00498315	306.699
673.2000	0.00498861	306.593
673.0000	0.00499869	306.489
672.8000	0.00501209	306.382
672.6000	0.00501749	306.279
672.4000	0.0050212	306.172
672.2000	0.00502468	306.069
672.0000	0.00502307	305.968
671.8000	0.00502234	305.923
671.6000	0.00502512	305.926
671.4000	0.00502459	305.926
671.2000	0.00502437	305.929
671.0000	0.00502784	305.935
670.8000	0.00502986	305.941
670.6000	0.0050302	305.943
670.4000	0.00503743	305.896
670.2000	0.00504892	305.796
670.0000	0.00505089	305.697
669.8000	0.00505497	305.594
669.6000	0.00506048	305.489
669.4000	0.00506726	305.378
669.2000	0.00507874	305.273
669.0000	0.00509229	305.17
668.8000	0.0051019	305.086
668.6000	0.00510282	305.087
668.4000	0.00510938	305.094
668.2000	0.00511497	305.101
668.0000	0.00512361	305.107
667.8000	0.00513257	305.12
667.6000	0.0051376	305.132
667.4000	0.0051403	305.101
667.2000	0.00514193	305.016
667.0000	0.0051496	304.935
666.8000	0.00515958	304.852
666.6000	0.00516832	304.767
666.4000	0.00517148	304.686
666.2000	0.00517797	304.604
666.0000	0.00518575	304.524
665.8000	0.00519717	304.456
665.6000	0.0052061	304.475
665.4000	0.0052139	304.496
665.2000	0.00521285	304.519
665.0000	0.00520661	304.544
664.8000	0.00521617	304.574
664.6000	0.00522141	304.604
664.4000	0.00522289	304.582
664.2000	0.00521953	304.495
664.0000	0.0052238	304.411
663.8000	0.005229	304.321
663.6000	0.00523204	304.228
663.4000	0.00524561	304.138
663.2000	0.00525085	304.045
663.0000	0.00525666	303.949
662.8000	0.00526463	303.867
662.6000	0.00527631	303.882
662.4000	0.00528182	303.892
662.2000	0.00529161	303.898
662.0000	0.00530392	303.905
661.8000	0.00531353	303.915
661.6000	0.00531874	303.922
661.4000	0.00532488	303.838
661.2000	0.00533186	303.74
661.0000	0.00533621	303.656
660.8000	0.00534545	303.57
660.6000	0.00534848	303.485
660.4000	0.00534865	303.398
660.2000	0.00534614	303.296
660.0000	0.0053513	303.193
659.8000	0.0053614	303.148
659.6000	0.00536639	303.151
659.4000	0.00537194	303.137
659.2000	0.00537372	303.119
659.0000	0.00538144	303.107
658.8000	0.00538966	303.095
658.6000	0.00540232	303.005
658.4000	0.00541226	302.904
658.2000	0.005417	302.801
658.0000	0.00542345	302.7
657.8000	0.00542896	302.602
657.6000	0.00543159	302.501
657.4000	0.00543925	302.384
657.2000	0.0054425	302.265
657.0000	0.00544573	302.206
656.8000	0.00545516	302.184
656.6000	0.00545899	302.16
656.4000	0.00546644	302.12
656.2000	0.00546856	302.08
656.0000	0.00547772	302.036
655.8000	0.00548263	301.903
655.6000	0.00548712	301.767
655.4000	0.00549472	301.618
655.2000	0.0054975	301.466
655.0000	0.00550562	301.312
654.8000	0.00551414	301.157
654.6000	0.00551974	301.008
654.4000	0.00552723	300.855
654.2000	0.00553782	300.757
654.0000	0.00554392	300.69
653.8000	0.00555024	300.628
653.6000	0.00556127	300.569
653.4000	0.00556843	300.509
653.2000	0.00557289	300.439
653.0000	0.00557637	300.278
652.8000	0.00557927	300.111
652.6000	0.00558532	299.941
652.4000	0.00559443	299.774
652.2000	0.0055999	299.608
652.0000	0.00560125	299.433
651.8000	0.00560502	299.261
651.6000	0.00561021	299.092
651.4000	0.00561726	298.979
651.2000	0.00562472	298.906
651.0000	0.00563005	298.837
650.8000	0.00563191	298.779
650.6000	0.00564138	298.729
650.4000	0.00564789	298.645
650.2000	0.00565067	298.518
650.0000	0.00565197	298.401
649.8000	0.00565308	298.293
649.6000	0.00565684	298.193
649.4000	0.00566425	298.104
649.2000	0.00566915	298.027
649.0000	0.00567362	297.955
648.8000	0.00568472	297.901
648.6000	0.00570111	297.934
648.4000	0.00571895	297.966
648.2000	0.00573801	298.001
648.0000	0.00574865	298.043
647.8000	0.0057542	298.043
647.6000	0.00575883	297.986
647.4000	0.00576066	297.923
647.2000	0.00575761	297.863
647.0000	0.00575735	297.8
646.8000	0.00575636	297.741
646.6000	0.00575291	297.679
646.4000	0.0057564	297.615
646.2000	0.00576637	297.557
646.0000	0.00577419	297.581
645.8000	0.00578848	297.613
645.6000	0.00580367	297.638
645.4000	0.00580775	297.662
645.2000	0.00581103	297.648
645.0000	0.00581686	297.583
644.8000	0.00581854	297.521
644.6000	0.00582176	297.462
644.4000	0.00582442	297.4
644.2000	0.00582194	297.335
644.0000	0.0058199	297.265
643.8000	0.00582575	297.197
643.6000	0.005832	297.134
643.4000	0.00584097	297.146
643.2000	0.00584955	297.157
643.0000	0.00585669	297.163
642.8000	0.00586642	297.165
642.6000	0.00587391	297.126
642.4000	0.00587776	297.033
642.2000	0.00588314	296.933
642.0000	0.00588683	296.834
641.8000	0.00589177	296.738
641.6000	0.00589579	296.638
641.4000	0.0059067	296.539
641.2000	0.00591114	296.437
641.0000	0.00591451	296.351
640.8000	0.00592577	296.344
640.6000	0.00593432	296.338
640.4000	0.00594933	296.333
640.2000	0.00596466	296.321
640.0000	0.00597132	296.232
639.8000	0.00597143	296.136
639.6000	0.00597488	296.042
639.4000	0.00598235	295.945
639.2000	0.00598365	295.843
639.0000	0.00599139	295.739
638.8000	0.00599833	295.63
638.6000	0.00599582	295.52
638.4000	0.0059958	295.464
638.2000	0.00600275	295.44
638.0000	0.00601179	295.415
637.8000	0.00602344	295.387
637.6000	0.00604148	295.284
637.4000	0.006058	295.177
637.2000	0.0060638	295.071
637.0000	0.00607258	294.963
636.8000	0.00608174	294.851
636.6000	0.00609082	294.741
636.4000	0.00609671	294.63
636.2000	0.00610059	294.515
636.0000	0.00609748	294.456
635.8000	0.00609646	294.428
635.6000	0.00609892	294.4
635.4000	0.00610715	294.368
635.2000	0.00611779	294.295
635.0000	0.00612999	294.165
634.8000	0.00614671	294.041
634.6000	0.00615361	293.922
634.4000	0.00616558	293.793
634.2000	0.0061782	293.668
634.0000	0.00618837	293.544
633.8000	0.00619821	293.425
633.6000	0.00620893	293.321
633.4000	0.00621885	293.301
633.2000	0.00622383	293.281
633.0000	0.00622775	293.251
632.8000	0.00624334	293.154
632.6000	0.00625183	293.051
632.4000	0.00626105	292.947
632.2000	0.00626786	292.839
632.0000	0.00627132	292.737
631.8000	0.00627646	292.637
631.6000	0.00627733	292.532
631.4000	0.00628134	292.436
631.2000	0.00628346	292.39
631.0000	0.00629102	292.378
630.8000	0.00629239	292.367
630.6000	0.00629746	292.361
630.4000	0.00630894	292.273
630.2000	0.00631685	292.174
630.0000	0.00632295	292.073
629.8000	0.00632995	291.975
629.6000	0.00633801	291.875
629.4000	0.00634325	291.777
629.2000	0.00634716	291.677
629.0000	0.00635786	291.577
628.8000	0.00635929	291.528
628.6000	0.00635884	291.514
628.4000	0.00636076	291.501
628.2000	0.00636583	291.452
628.0000	0.00637033	291.347
627.8000	0.00637533	291.238
627.6000	0.00638503	291.13
627.4000	0.00639338	291.02
627.2000	0.00639792	290.911
627.0000	0.00640123	290.807
626.8000	0.0064107	290.701
626.6000	0.00642114	290.608
626.4000	0.00643564	290.59
626.2000	0.00644151	290.578
626.0000	0.00644493	290.56
625.8000	0.0064485	290.473
625.6000	0.00645271	290.379
625.4000	0.00646936	290.28
625.2000	0.00648085	290.18
625.0000	0.00648666	290.078
624.8000	0.00648789	289.976
624.6000	0.00649305	289.88
624.4000	0.00650008	289.785
624.2000	0.00650439	289.739
624.0000	0.00651341	289.719
623.8000	0.00651924	289.704
623.6000	0.0065234	289.613
623.4000	0.00653124	289.519
623.2000	0.00653864	289.429
623.0000	0.00654792	289.33
622.8000	0.00654824	289.229
622.6000	0.00655891	289.127
622.4000	0.00656744	289.034
622.2000	0.0065716	288.94
622.0000	0.00657077	288.895
621.8000	0.00657282	288.885
621.6000	0.00657478	288.869
621.4000	0.00657987	288.789
621.2000	0.00658856	288.712
621.0000	0.00659313	288.634
620.8000	0.00659742	288.555
620.6000	0.00660184	288.472
620.4000	0.00660557	288.395
620.2000	0.00661017	288.321
620.0000	0.00661355	288.254
619.8000	0.00661823	288.232
619.6000	0.00662582	288.236
619.4000	0.00663778	288.242
619.2000	0.00664659	288.185
619.0000	0.0066511	288.124
618.8000	0.00665937	288.064
618.6000	0.00666919	288.006
618.4000	0.00668209	287.945
618.2000	0.0066993	287.883
618.0000	0.00670702	287.825
617.8000	0.00671032	287.766
617.6000	0.00671676	287.754
617.4000	0.00672565	287.768
617.2000	0.00673839	287.746
617.0000	0.00675257	287.678
616.8000	0.00676589	287.609
616.6000	0.00677066	287.539
616.4000	0.00676955	287.474
616.2000	0.00677533	287.407
616.0000	0.00678169	287.335
615.8000	0.00678751	287.269
615.6000	0.00679354	287.214
615.4000	0.00679653	287.227
615.2000	0.00679402	287.239
615.0000	0.00680133	287.183
614.8000	0.00681603	287.119
614.6000	0.00682733	287.059
614.4000	0.0068433	287.001
614.2000	0.00685678	286.938
614.0000	0.00687303	286.878
613.8000	0.00688773	286.821
613.6000	0.00690588	286.763
613.4000	0.00692123	286.758
613.2000	0.00693244	286.782
613.0000	0.00694862	286.73
612.8000	0.00696022	286.673
612.6000	0.00696552	286.617
612.4000	0.00696957	286.56
612.2000	0.00697338	286.498
612.0000	0.00698324	286.439
611.8000	0.00699257	286.38
611.6000	0.00700003	286.319
611.4000	0.0070065	286.305
611.2000	0.00701098	286.325
611.0000	0.0070225	286.313
610.8000	0.00703654	286.256
610.6000	0.00705267	286.202
610.4000	0.00706208	286.147
610.2000	0.00707502	286.089
610.0000	0.00708362	286.032
609.8000	0.00709226	285.98
609.6000	0.0071043	285.927
609.4000	0.00711539	285.877
609.2000	0.00712367	285.894
609.0000	0.00712864	285.873
608.8000	0.0071353	285.808
608.6000	0.00714183	285.747
608.4000	0.0071484	285.686
608.2000	0.00715765	285.624
608.0000	0.00716677	285.561
607.8000	0.00717863	285.501
607.6000	0.00718885	285.439
607.4000	0.00719672	285.388
607.2000	0.00720624	285.405
607.0000	0.00721671	285.391
606.8000	0.00722517	285.33
606.6000	0.00723493	285.265
606.4000	0.00724384	285.197
606.2000	0.007253	285.124
606.0000	0.00725746	285.05
605.8000	0.00727057	284.977
605.6000	0.00728434	284.905
605.4000	0.00729291	284.839
605.2000	0.00730029	284.839
605.0000	0.00730541	284.779
604.8000	0.00731412	284.709
604.6000	0.00732638	284.644
604.4000	0.0073391	284.587
604.2000	0.00735258	284.529
604.0000	0.00735947	284.467
603.8000	0.00736978	284.4
603.6000	0.00738342	284.334
603.4000	0.00739753	284.313
603.2000	0.00740819	284.318
603.0000	0.00741534	284.263
602.8000	0.00742043	284.196
602.6000	0.00742583	284.128
602.4000	0.00743506	284.061
602.2000	0.00744555	283.998
602.0000	0.00745017	283.933
601.8000	0.00746068	283.867
601.6000	0.007473	283.798
601.4000	0.00748194	283.77
601.2000	0.00748845	283.694
601.0000	0.00749921	283.61
600.8000	0.00751315	283.53
600.6000	0.00752606	283.447
600.4000	0.00754149	283.363
600.2000	0.00754972	283.278
600.0000	0.00756052	283.195
599.8000	0.0075712	283.114
599.6000	0.00758796	283.077
599.4000	0.00759573	283.039
599.2000	0.0076024	282.965
599.0000	0.00761103	282.883
598.8000	0.00762129	282.806
598.6000	0.00763593	282.727
598.4000	0.00764865	282.651
598.2000	0.00766046	282.569
598.0000	0.00766825	282.484
597.8000	0.00767887	282.416
597.6000	0.0076976	282.404
597.4000	0.00771117	282.323
597.2000	0.00772451	282.24
597.0000	0.0077361	282.156
596.8000	0.00774884	282.067
596.6000	0.00776293	281.979
596.4000	0.00777715	281.894
596.2000	0.00779566	281.801
596.0000	0.00780855	281.709
595.8000	0.00781673	281.666
595.6000	0.00782368	281.584
595.4000	0.0078314	281.499
595.2000	0.00783854	281.416
595.0000	0.00785141	281.337
594.8000	0.00785979	281.255
594.6000	0.00787098	281.181
594.4000	0.00788079	281.104
594.2000	0.00789027	281.021
594.0000	0.00790008	280.979
593.8000	0.00790498	280.907
593.6000	0.00791552	280.828
593.4000	0.0079266	280.75
593.2000	0.00793524	280.674
593.0000	0.00794123	280.591
592.8000	0.00794808	280.511
592.6000	0.00795878	280.432
592.4000	0.00796433	280.358
592.2000	0.00797782	280.315
592.0000	0.00799012	280.233
591.8000	0.00799969	280.147
591.6000	0.00800388	280.063
591.4000	0.00801317	279.985
591.2000	0.00802595	279.905
591.0000	0.008037	279.827
590.8000	0.00804911	279.751
590.6000	0.00805568	279.679
590.4000	0.0080616	279.628
590.2000	0.00806626	279.56
590.0000	0.00807395	279.491
589.8000	0.00808119	279.419
589.6000	0.00809254	279.345
589.4000	0.0080976	279.277
589.2000	0.00810774	279.204
589.0000	0.00811744	279.133
588.8000	0.0081315	279.07
588.6000	0.00814965	279.013
588.4000	0.00816858	278.957
588.2000	0.0081834	278.901
588.0000	0.00819532	278.85
587.8000	0.00820748	278.791
587.6000	0.00821738	278.736
587.4000	0.00822121	278.68
587.2000	0.00823767	278.621
587.0000	0.00825242	278.57
586.8000	0.00825789	278.503
586.6000	0.00826583	278.438
586.4000	0.0082743	278.371
586.2000	0.00828477	278.305
586.0000	0.00829182	278.241
585.8000	0.00830242	278.18
585.6000	0.00831247	278.122
585.4000	0.00831269	278.063
585.2000	0.00831493	278.009
585.0000	0.00832383	277.952
584.8000	0.00833712	277.901
584.6000	0.00834754	277.847
584.4000	0.0083601	277.792
584.2000	0.00837751	277.741
584.0000	0.00839323	277.695
583.8000	0.00840556	277.648
583.6000	0.00841957	277.609
583.4000	0.00843363	277.556
583.2000	0.00844408	277.5
583.0000	0.00845312	277.447
582.8000	0.0084677	277.396
582.6000	0.00847833	277.343
582.4000	0.00848753	277.285
582.2000	0.0084928	277.226
582.0000	0.00850162	277.147
581.8000	0.00851183	277.088
581.6000	0.00852043	277.031
581.4000	0.00853175	276.974
581.2000	0.00853987	276.918
581.0000	0.00854618	276.865
580.8000	0.00855518	276.805
580.6000	0.00857044	276.751
580.4000	0.00858806	276.704
580.2000	0.00860578	276.658
580.0000	0.00861867	276.614
579.8000	0.00863022	276.566
579.6000	0.00864538	276.52
579.4000	0.00866101	276.468
579.2000	0.00867542	276.417
579.0000	0.00868583	276.371
578.8000	0.00869259	276.319
578.6000	0.00869467	276.245
578.4000	0.00870247	276.194
578.2000	0.00871495	276.142
578.0000	0.00872648	276.088
577.8000	0.00873965	276.036
577.6000	0.00874812	275.984
577.4000	0.00875995	275.935
577.2000	0.00877633	275.859
577.0000	0.00879839	275.787
576.8000	0.0088198	275.742
576.6000	0.00883582	275.693
576.4000	0.00885103	275.651
576.2000	0.00886028	275.608
576.0000	0.00887028	275.566
575.8000	0.00888346	275.515
575.6000	0.00889648	275.447
575.4000	0.00890388	275.412
575.2000	0.00891455	275.371
575.0000	0.00892582	275.329
574.8000	0.00893656	275.288
574.6000	0.00895023	275.244
574.4000	0.0089666	275.207
574.2000	0.00898546	275.17
574.0000	0.00900133	275.113
573.8000	0.00902303	275.062
573.6000	0.00903775	275.009
573.4000	0.00905112	274.96
573.2000	0.00906651	274.908
573.0000	0.00908603	274.859
572.8000	0.00910987	274.807
572.6000	0.00912234	274.748
572.4000	0.00913121	274.648
572.2000	0.00913662	274.597
572.0000	0.00914698	274.546
571.8000	0.00915544	274.496
571.6000	0.0091671	274.445
571.4000	0.00918227	274.396
571.2000	0.00918519	274.347
571.0000	0.00918938	274.274
570.8000	0.00919817	274.203
570.6000	0.00921213	274.155
570.4000	0.00922158	274.109
570.2000	0.00923416	274.063
570.0000	0.00924886	274.019
569.8000	0.0092633	273.975
569.6000	0.00928275	273.93
569.4000	0.00930276	273.833
569.2000	0.00932426	273.787
569.0000	0.00933884	273.739
568.8000	0.00934985	273.695
568.6000	0.00936011	273.655
568.4000	0.00937757	273.617
568.2000	0.00937917	273.574
568.0000	0.00937808	273.504
567.8000	0.00938255	273.44
567.6000	0.00938945	273.403
567.4000	0.00939826	273.365
567.2000	0.009412	273.329
567.0000	0.00942397	273.293
566.8000	0.00943823	273.252
566.6000	0.00945327	273.187
566.4000	0.00946952	273.094
566.2000	0.00948483	273.053
566.0000	0.00950092	273.015
565.8000	0.00951225	272.975
565.6000	0.00952838	272.932
565.4000	0.00954734	272.886
565.2000	0.00956124	272.844
565.0000	0.00957093	272.76
564.8000	0.00958752	272.719
564.6000	0.00959577	272.68
564.4000	0.00960041	272.64
564.2000	0.00960855	272.603
564.0000	0.00961593	272.564
563.8000	0.00962189	272.525
563.6000	0.00963319	272.433
563.4000	0.00964141	272.369
563.2000	0.00965058	272.328
563.0000	0.00966756	272.289
562.8000	0.00968603	272.248
562.6000	0.00970447	272.204
562.4000	0.00972724	272.161
562.2000	0.00974522	272.059
562.0000	0.00976017	271.985
561.8000	0.00977382	271.931
561.6000	0.00979477	271.88
561.4000	0.00980925	271.831
561.2000	0.00982361	271.782
561.0000	0.00984107	271.732
560.8000	0.00985481	271.631
560.6000	0.00987023	271.571
560.4000	0.00988857	271.533
560.2000	0.00990574	271.494
560.0000	0.00991759	271.45
559.8000	0.00992919	271.409
559.6000	0.00994373	271.37
559.4000	0.00995687	271.281
559.2000	0.00996802	271.217
559.0000	0.00997667	271.17
558.8000	0.00998529	271.121
558.6000	0.00999627	271.075
558.4000	0.010015	271.035
558.2000	0.0100322	270.991
558.0000	0.0100524	270.895
557.8000	0.010073	270.83
557.6000	0.0100916	270.79
557.4000	0.0101154	270.75
557.2000	0.0101394	270.713
557.0000	0.0101548	270.679
556.8000	0.0101695	270.622
556.6000	0.0101859	270.533
556.4000	0.0102037	270.475
556.2000	0.010221	270.436
556.0000	0.0102386	270.397
555.8000	0.010252	270.353
555.6000	0.0102672	270.308
555.4000	0.0102878	270.214
555.2000	0.0103087	270.119
555.0000	0.0103198	270.071
554.8000	0.010336	270.025
554.6000	0.010343	269.979
554.4000	0.0103578	269.935
554.2000	0.0103716	269.895
554.0000	0.0103887	269.808
553.8000	0.0104001	269.752
553.6000	0.0104146	269.72
553.4000	0.0104373	269.692
553.2000	0.0104543	269.665
553.0000	0.0104682	269.64
552.8000	0.010485	269.592
552.6000	0.0105003	269.518
552.4000	0.0105168	269.475
552.2000	0.0105366	269.452
552.0000	0.0105513	269.43
551.8000	0.0105621	269.404
551.6000	0.0105781	269.381
551.4000	0.0105995	269.301
551.2000	0.0106172	269.227
551.0000	0.0106359	269.194
550.8000	0.0106506	269.165
550.6000	0.0106647	269.133
550.4000	0.0106809	269.097
550.2000	0.0106998	269.038
550.0000	0.0107147	268.951
549.8000	0.0107284	268.891
549.6000	0.0107505	268.856
549.4000	0.0107681	268.822
549.2000	0.0107878	268.786
549.0000	0.0108054	268.726
548.8000	0.0108201	268.637
548.6000	0.0108354	268.556
548.4000	0.0108516	268.514
548.2000	0.0108642	268.481
548.0000	0.0108742	268.447
547.8000	0.0108901	268.409
547.6000	0.0109044	268.324
547.4000	0.0109146	268.239
547.2000	0.0109245	268.203
547.0000	0.0109363	268.171
546.8000	0.0109457	268.139
546.6000	0.0109566	268.103
546.4000	0.0109699	268.02
546.2000	0.0109741	267.932
546.0000	0.0109805	267.878
545.8000	0.0109914	267.846
545.6000	0.0110112	267.814
545.4000	0.0110318	267.777
545.2000	0.0110527	267.72
545.0000	0.0110764	267.638
544.8000	0.0110959	267.583
544.6000	0.0111153	267.55
544.4000	0.0111347	267.517
544.2000	0.0111541	267.482
544.0000	0.0111692	267.428
543.8000	0.0111791	267.347
543.6000	0.0111882	267.269
543.4000	0.0111989	267.241
543.2000	0.0112156	267.214
543.0000	0.0112278	267.191
542.8000	0.011239	267.148
542.6000	0.0112537	267.081
542.4000	0.0112635	267.024
542.2000	0.0112783	267.017
542.0000	0.0112993	267.013
541.8000	0.0113183	267.01
541.6000	0.0113294	266.983
541.4000	0.0113443	266.926
541.2000	0.0113653	266.879
541.0000	0.0113783	266.864
540.8000	0.0113928	266.852
540.6000	0.0114123	266.836
540.4000	0.0114276	266.802
540.2000	0.011447	266.738
540.0000	0.0114655	266.673
539.8000	0.0114868	266.652
539.6000	0.0115017	266.631
539.4000	0.0115209	266.61
539.2000	0.0115439	266.54
539.0000	0.0115621	266.462
538.8000	0.0115782	266.38
538.6000	0.0115888	266.34
538.4000	0.011602	266.305
538.2000	0.0116165	266.274
538.0000	0.0116357	266.186
537.8000	0.0116549	266.093
537.6000	0.01167	266.034
537.4000	0.0116848	265.997
537.2000	0.0117008	265.963
537.0000	0.0117135	265.928
536.8000	0.0117334	265.848
536.6000	0.0117499	265.763
536.4000	0.0117601	265.713
536.2000	0.0117715	265.682
536.0000	0.0117818	265.655
535.8000	0.0117966	265.602
535.6000	0.0118154	265.518
535.4000	0.011833	265.435
535.2000	0.0118516	265.385
535.0000	0.0118607	265.353
534.8000	0.0118717	265.322
534.6000	0.0118863	265.248
534.4000	0.011906	265.175
534.2000	0.0119248	265.11
534.0000	0.0119393	265.093
533.8000	0.0119553	265.074
533.6000	0.0119689	265.051
533.4000	0.0119843	264.987
533.2000	0.0120115	264.924
533.0000	0.0120332	264.887
532.8000	0.012052	264.87
532.6000	0.0120647	264.853
532.4000	0.0120786	264.805
532.2000	0.0120937	264.734
532.0000	0.0121121	264.664
531.8000	0.0121323	264.617
531.6000	0.0121468	264.587
531.4000	0.0121657	264.557
531.2000	0.0121806	264.483
531.0000	0.0122021	264.4
530.8000	0.0122234	264.328
530.6000	0.0122384	264.3
530.4000	0.0122555	264.268
530.2000	0.0122748	264.215
530.0000	0.0122952	264.136
529.8000	0.0123121	264.062
529.6000	0.0123278	264.012
529.4000	0.0123438	263.984
529.2000	0.0123608	263.937
529.0000	0.0123805	263.865
528.8000	0.0123989	263.799
528.6000	0.0124156	263.738
528.4000	0.0124363	263.72
528.2000	0.0124558	263.697
528.0000	0.0124789	263.633
527.8000	0.012498	263.569
527.6000	0.0125192	263.505
527.4000	0.0125383	263.489
527.2000	0.0125583	263.47
527.0000	0.0125807	263.429
526.8000	0.012601	263.361
526.6000	0.0126197	263.295
526.4000	0.0126408	263.257
526.2000	0.0126645	263.23
526.0000	0.0126845	263.186
525.8000	0.012703	263.119
525.6000	0.0127215	263.047
525.4000	0.0127359	262.982
525.2000	0.012749	262.96
525.0000	0.0127672	262.936
524.8000	0.012784	262.874
524.6000	0.0127947	262.81
524.4000	0.0128106	262.752
524.2000	0.0128346	262.731
524.0000	0.0128532	262.71
523.8000	0.0128705	262.645
523.6000	0.0128884	262.58
523.4000	0.0129086	262.517
523.2000	0.0129274	262.477
523.0000	0.0129514	262.453
522.8000	0.0129744	262.392
522.6000	0.0129916	262.333
522.4000	0.0130105	262.272
522.2000	0.0130363	262.238
522.0000	0.013066	262.22
521.8000	0.0130885	262.152
521.6000	0.0131068	262.088
521.4000	0.0131216	262.027
521.2000	0.0131299	261.989
521.0000	0.013144	261.962
520.8000	0.0131609	261.896
520.6000	0.0131797	261.826
520.4000	0.0131874	261.758
520.2000	0.0131959	261.72
520.0000	0.0132101	261.701
519.8000	0.0132287	261.637
519.6000	0.0132508	261.575
519.4000	0.0132706	261.512
519.2000	0.0132884	261.476
519.0000	0.0133079	261.463
518.8000	0.0133292	261.407
518.6000	0.013354	261.348
518.4000	0.0133708	261.29
518.2000	0.0133823	261.255
518.0000	0.0134018	261.234
517.8000	0.0134245	261.172
517.6000	0.0134454	261.107
517.4000	0.0134611	261.04
517.2000	0.0134761	260.997
517.0000	0.0134876	260.971
516.8000	0.0135086	260.912
516.6000	0.0135328	260.851
516.4000	0.0135531	260.789
516.2000	0.0135635	260.753
516.0000	0.013576	260.739
515.8000	0.0135963	260.68
515.6000	0.0136151	260.613
515.4000	0.0136351	260.546
515.2000	0.0136512	260.503
515.0000	0.0136659	260.457
514.8000	0.0136775	260.391
514.6000	0.0136959	260.324
514.4000	0.0137182	260.263
514.2000	0.0137363	260.228
514.0000	0.0137492	260.197
513.8000	0.013763	260.148
513.6000	0.0137762	260.102
513.4000	0.0137954	260.06
513.2000	0.013815	260.054
513.0000	0.0138353	260.017
512.8000	0.0138472	259.971
512.6000	0.0138582	259.92
512.4000	0.0138688	259.878
512.2000	0.0138845	259.854
512.0000	0.0139017	259.804
511.8000	0.0139166	259.757
511.6000	0.0139306	259.71
511.4000	0.0139471	259.683
511.2000	0.0139643	259.655
511.0000	0.0139879	259.603
510.8000	0.0140067	259.548
510.6000	0.0140228	259.497
510.4000	0.01404	259.479
510.2000	0.0140547	259.426
510.0000	0.01407	259.368
509.8000	0.0140859	259.307
509.6000	0.0141005	259.257
509.4000	0.0141069	259.221
509.2000	0.0141166	259.17
509.0000	0.014135	259.119
508.8000	0.0141492	259.071
508.6000	0.0141658	259.049
508.4000	0.0141853	258.996
508.2000	0.0142024	258.94
508.0000	0.0142176	258.879
507.8000	0.0142388	258.822
507.6000	0.0142629	258.779
507.4000	0.0142816	258.711
507.2000	0.0142982	258.64
507.0000	0.0143136	258.567
506.8000	0.0143328	258.52
506.6000	0.0143515	258.452
506.4000	0.014367	258.383
506.2000	0.0143847	258.315
506.0000	0.0144011	258.252
505.8000	0.0144228	258.199
505.6000	0.0144422	258.126
505.4000	0.0144606	258.049
505.2000	0.0144798	257.977
505.0000	0.0144935	257.932
504.8000	0.0145086	257.864
504.6000	0.0145203	257.802
504.4000	0.0145277	257.738
504.2000	0.0145347	257.682
504.0000	0.0145481	257.63
503.8000	0.014566	257.581
503.6000	0.0145786	257.537
503.4000	0.0145925	257.496
503.2000	0.0146092	257.464
503.0000	0.0146257	257.432
502.8000	0.0146498	257.408
502.6000	0.0146707	257.387
502.4000	0.0146875	257.387
502.2000	0.0147009	257.366
502.0000	0.0147185	257.338
501.8000	0.0147401	257.31
501.6000	0.0147585	257.286
501.4000	0.0147813	257.256
501.2000	0.0147993	257.217
501.0000	0.0148211	257.181
500.8000	0.0148449	257.145
500.6000	0.0148687	257.112
500.4000	0.014893	257.073
500.2000	0.0149142	257.032
500.0000	0.0149342	256.991
499.8000	0.0149534	256.959
499.6000	0.0149768	256.916
499.4000	0.0149952	256.866
499.2000	0.0150096	256.809
499.0000	0.0150228	256.741
498.8000	0.0150385	256.684
498.6000	0.0150517	256.621
498.4000	0.0150683	256.557
498.2000	0.0150867	256.485
498.0000	0.0151086	256.414
497.8000	0.0151364	256.335
497.6000	0.0151649	256.252
497.4000	0.0151959	256.168
497.2000	0.0152236	256.075
497.0000	0.015251	255.974
496.8000	0.0152787	255.864
496.6000	0.0153118	255.74
496.4000	0.0153445	255.595
496.2000	0.015367	255.453
496.0000	0.0153922	255.299
495.8000	0.0154176	255.13
495.6000	0.0154426	254.938
495.4000	0.0154751	254.747
495.2000	0.0155067	254.541
495.0000	0.015534	254.327
494.8000	0.0155571	254.081
494.6000	0.0155833	253.834
494.4000	0.0156156	253.575
494.2000	0.0156466	253.313
494.0000	0.0156759	253.044
493.8000	0.015703	252.794
493.6000	0.0157294	252.556
493.4000	0.015757	252.337
493.2000	0.0157806	252.14
493.0000	0.0158024	251.996
492.8000	0.0158213	251.898
492.6000	0.015839	251.849
492.4000	0.015856	251.844
492.2000	0.015865	251.897
492.0000	0.0158761	251.999
491.8000	0.0158861	252.147
491.6000	0.0158961	252.318
491.4000	0.0159077	252.537
491.2000	0.0159147	252.775
491.0000	0.0159259	253.018
490.8000	0.0159405	253.245
490.6000	0.0159609	253.471
490.4000	0.0159816	253.678
490.2000	0.0160016	253.85
490.0000	0.0160277	253.995
489.8000	0.0160572	254.127
489.6000	0.0160908	254.228
489.4000	0.0161234	254.293
489.2000	0.0161558	254.346
489.0000	0.016188	254.398
488.8000	0.0162183	254.433
488.6000	0.0162456	254.439
488.4000	0.0162742	254.444
488.2000	0.0163017	254.439
488.0000	0.0163281	254.424
487.8000	0.0163579	254.368
487.6000	0.0163873	254.323
487.4000	0.0164174	254.261
487.2000	0.0164509	254.18
487.0000	0.0164891	254.051
486.8000	0.0165163	253.932
486.6000	0.0165473	253.794
486.4000	0.0165845	253.62
486.2000	0.0166197	253.422
486.0000	0.016662	253.224
485.8000	0.0167031	253.001
485.6000	0.0167387	252.735
485.4000	0.0167756	252.485
485.2000	0.0168167	252.242
485.0000	0.0168595	251.998
484.8000	0.0168935	251.72
484.6000	0.0169266	251.48
484.4000	0.0169514	251.245
484.2000	0.0169739	251.004
484.0000	0.0169983	250.777
483.8000	0.0170252	250.577
483.6000	0.0170481	250.397
483.4000	0.0170699	250.203
483.2000	0.0170956	250.049
483.0000	0.0171235	249.935
482.8000	0.0171458	249.84
482.6000	0.0171686	249.743
482.4000	0.0171925	249.707
482.2000	0.0172118	249.709
482.0000	0.0172363	249.728
481.8000	0.0172579	249.787
481.6000	0.0172762	249.901
481.4000	0.0172941	250.054
481.2000	0.017311	250.214
481.0000	0.0173279	250.427
480.8000	0.0173452	250.677
480.6000	0.0173684	250.922
480.4000	0.0173833	251.154
480.2000	0.0173987	251.406
480.0000	0.0174224	251.643
479.8000	0.0174445	251.826
479.6000	0.017472	252
479.4000	0.0175019	252.157
479.2000	0.017537	252.268
479.0000	0.0175673	252.329
478.8000	0.0175994	252.397
478.6000	0.0176383	252.437
478.4000	0.0176716	252.418
478.2000	0.0177065	252.391
478.0000	0.0177416	252.352
477.8000	0.0177773	252.278
477.6000	0.0178123	252.165
477.4000	0.0178458	252.054
477.2000	0.0178839	251.917
477.0000	0.0179223	251.712
476.8000	0.0179637	251.49
476.6000	0.0180116	251.242
476.4000	0.0180552	250.909
476.2000	0.0180993	250.524
476.0000	0.0181456	250.111
475.8000	0.0181958	249.638
475.6000	0.018247	249.102
475.4000	0.0182975	248.556
475.2000	0.018342	248.007
475.0000	0.0183833	247.423
474.8000	0.0184239	246.89
474.6000	0.018461	246.422
474.4000	0.0184897	246.013
474.2000	0.018511	245.674
474.0000	0.0185229	245.451
473.8000	0.0185319	245.305
473.6000	0.0185396	245.226
473.4000	0.0185419	245.244
473.2000	0.018544	245.334
473.0000	0.018548	245.427
472.8000	0.018554	245.526
472.6000	0.0185691	245.634
472.4000	0.0185961	245.682
472.2000	0.0186302	245.689
472.0000	0.0186679	245.665
471.8000	0.0187082	245.567
471.6000	0.0187512	245.384
471.4000	0.0187941	245.169
471.2000	0.0188396	244.905
471.0000	0.0188838	244.578
470.8000	0.0189294	244.243
470.6000	0.0189696	243.9
470.4000	0.0190106	243.516
470.2000	0.0190535	243.134
470.0000	0.0190929	242.785
469.8000	0.0191323	242.417
469.6000	0.0191657	242.07
469.4000	0.0192008	241.784
469.2000	0.0192274	241.517
469.0000	0.0192515	241.297
468.8000	0.0192718	241.155
468.6000	0.0192844	241.079
468.4000	0.0192896	241.062
468.2000	0.0192922	241.142
468.0000	0.0192949	241.297
467.8000	0.0192985	241.513
467.6000	0.019296	241.808
467.4000	0.0192953	242.156
467.2000	0.0192959	242.523
467.0000	0.0192989	242.921
466.8000	0.0193105	243.358
466.6000	0.0193273	243.751
466.4000	0.0193473	244.123
466.2000	0.0193681	244.484
466.0000	0.0193907	244.777
465.8000	0.0194213	245.02
465.6000	0.0194524	245.238
465.4000	0.0194887	245.372
465.2000	0.0195276	245.452
465.0000	0.0195667	245.51
464.8000	0.0196058	245.517
464.6000	0.0196505	245.492
464.4000	0.0196909	245.466
464.2000	0.0197312	245.414
464.0000	0.019765	245.356
463.8000	0.0197965	245.329
463.6000	0.0198277	245.299
463.4000	0.019852	245.283
463.2000	0.0198731	245.319
463.0000	0.0198892	245.372
462.8000	0.0199048	245.45
462.6000	0.0199246	245.58
462.4000	0.0199397	245.727
462.2000	0.0199569	245.904
462.0000	0.0199707	246.12
461.8000	0.0199831	246.335
461.6000	0.0199964	246.551
461.4000	0.0200147	246.788
461.2000	0.0200361	246.997
461.0000	0.0200566	247.192
460.8000	0.0200861	247.389
460.6000	0.0201239	247.538
460.4000	0.0201603	247.653
460.2000	0.0202002	247.75
460.0000	0.0202426	247.82
459.8000	0.0202855	247.865
459.6000	0.0203275	247.895
459.4000	0.0203706	247.903
459.2000	0.0204062	247.899
459.0000	0.0204367	247.893
458.8000	0.0204696	247.888
458.6000	0.0205004	247.898
458.4000	0.0205247	247.929
458.2000	0.0205546	247.965
458.0000	0.0205836	248.024
457.8000	0.0206108	248.105
457.6000	0.0206371	248.206
457.4000	0.0206565	248.335
457.2000	0.0206761	248.475
457.0000	0.0207028	248.619
456.8000	0.0207354	248.77
456.6000	0.0207679	248.919
456.4000	0.0207984	249.062
456.2000	0.0208333	249.204
456.0000	0.0208671	249.325
455.8000	0.0209043	249.426
455.6000	0.020944	249.516
455.4000	0.0209793	249.581
455.2000	0.021016	249.623
455.0000	0.0210524	249.628
454.8000	0.0210901	249.606
454.6000	0.0211284	249.549
454.4000	0.0211657	249.455
454.2000	0.0212095	249.326
454.0000	0.0212579	249.158
453.8000	0.0213018	248.973
453.6000	0.0213448	248.772
453.4000	0.0213926	248.574
453.2000	0.0214418	248.373
453.0000	0.0214824	248.175
452.8000	0.0215272	247.964
452.6000	0.0215695	247.766
452.4000	0.021606	247.578
452.2000	0.0216423	247.387
452.0000	0.0216818	247.193
451.8000	0.0217205	246.99
451.6000	0.0217547	246.796
451.4000	0.0217896	246.624
451.2000	0.02182	246.483
451.0000	0.0218418	246.41
450.8000	0.0218611	246.403
450.6000	0.0218801	246.46
450.4000	0.021889	246.611
450.2000	0.0218968	246.822
450.0000	0.0218991	247.109
449.8000	0.0218983	247.453
449.6000	0.0219043	247.826
449.4000	0.0219224	248.221
449.2000	0.0219421	248.609
449.0000	0.0219616	248.97
448.8000	0.0219897	249.303
448.6000	0.0220248	249.59
448.4000	0.0220605	249.848
448.2000	0.0221002	250.057
448.0000	0.0221401	250.213
447.8000	0.0221747	250.345
447.6000	0.022208	250.433
447.4000	0.0222444	250.497
447.2000	0.0222803	250.551
447.0000	0.0223168	250.565
446.8000	0.0223511	250.587
446.6000	0.0223902	250.588
446.4000	0.0224281	250.583
446.2000	0.0224631	250.582
446.0000	0.0224932	250.553
445.8000	0.0225232	250.543
445.6000	0.0225583	250.518
445.4000	0.02259	250.492
445.2000	0.0226218	250.479
445.0000	0.0226485	250.45
444.8000	0.0226757	250.441
444.6000	0.0227075	250.424
444.4000	0.022744	250.403
444.2000	0.0227857	250.391
444.0000	0.0228176	250.361
443.8000	0.0228449	250.351
443.6000	0.0228725	250.332
443.4000	0.022904	250.306
443.2000	0.0229418	250.292
443.0000	0.0229745	250.255
442.8000	0.0230059	250.237
442.6000	0.0230368	250.214
442.4000	0.023071	250.192
442.2000	0.0231079	250.181
442.0000	0.0231459	250.15
441.8000	0.0231871	250.143
441.6000	0.0232165	250.126
441.4000	0.023247	250.105
441.2000	0.0232805	250.096
441.0000	0.0233085	250.069
440.8000	0.0233437	250.054
440.6000	0.0233821	250.023
440.4000	0.0234201	249.985
440.2000	0.0234522	249.937
440.0000	0.0234893	249.874
439.8000	0.023526	249.83
439.6000	0.0235626	249.762
439.4000	0.0236039	249.698
439.2000	0.0236445	249.641
439.0000	0.0236761	249.58
438.8000	0.0237037	249.553
438.6000	0.023735	249.523
438.4000	0.0237671	249.53
438.2000	0.023805	249.527
438.0000	0.0238413	249.552
437.8000	0.0238746	249.6
437.6000	0.0239054	249.648
437.4000	0.0239387	249.729
437.2000	0.0239688	249.8
437.0000	0.024007	249.888
436.8000	0.0240456	249.959
436.6000	0.0240816	250.046
436.4000	0.0241133	250.131
436.2000	0.0241503	250.202
436.0000	0.0241901	250.28
435.8000	0.0242331	250.331
435.6000	0.0242769	250.396
435.4000	0.0243161	250.432
435.2000	0.0243542	250.479
435.0000	0.024392	250.515
434.8000	0.0244339	250.544
434.6000	0.0244764	250.574
434.4000	0.0245154	250.583
434.2000	0.0245532	250.605
434.0000	0.0245885	250.611
433.8000	0.0246326	250.632
433.6000	0.0246783	250.641
433.4000	0.0247238	250.661
433.2000	0.0247708	250.668
433.0000	0.0248139	250.673
432.8000	0.0248605	250.69
432.6000	0.0249071	250.695
432.4000	0.0249553	250.709
432.2000	0.0249971	250.708
432.0000	0.0250397	250.72
431.8000	0.02508	250.709
431.6000	0.02512	250.714
431.4000	0.0251625	250.714
431.2000	0.0252046	250.716
431.0000	0.0252435	250.713
430.8000	0.0252836	250.71
430.6000	0.0253266	250.714
430.4000	0.0253685	250.707
430.2000	0.0254097	250.711
430.0000	0.0254484	250.71
429.8000	0.0254887	250.708
429.6000	0.0255235	250.703
429.4000	0.0255566	250.712
429.2000	0.0255988	250.708
429.0000	0.0256478	250.706
428.8000	0.0256909	250.702
428.6000	0.0257328	250.696
428.4000	0.0257768	250.682
428.2000	0.0258185	250.667
428.0000	0.0258653	250.658
427.8000	0.025913	250.646
427.6000	0.0259594	250.629
427.4000	0.0259981	250.613
427.2000	0.0260376	250.603
427.0000	0.0260805	250.596
426.8000	0.0261217	250.598
426.6000	0.026169	250.599
426.4000	0.0262139	250.599
426.2000	0.0262571	250.591
426.0000	0.0262939	250.587
425.8000	0.0263252	250.585
425.6000	0.0263594	250.575
425.4000	0.0264018	250.567
425.2000	0.0264429	250.552
425.0000	0.0264803	250.542
424.8000	0.0265164	250.524
424.6000	0.0265551	250.512
424.4000	0.0265918	250.494
424.2000	0.0266381	250.478
424.0000	0.0266875	250.458
423.8000	0.0267258	250.446
423.6000	0.0267589	250.417
423.4000	0.0267996	250.399
423.2000	0.0268437	250.369
423.0000	0.026887	250.341
422.8000	0.0269342	250.302
422.6000	0.0269798	250.266
422.4000	0.027028	250.213
422.2000	0.0270743	250.162
422.0000	0.0271281	250.099
421.8000	0.027182	250.029
421.6000	0.0272294	249.941
421.4000	0.0272762	249.858
421.2000	0.0273223	249.764
421.0000	0.0273682	249.674
420.8000	0.0274101	249.584
420.6000	0.0274501	249.506
420.4000	0.0274914	249.432
420.2000	0.027528	249.385
420.0000	0.0275624	249.346
419.8000	0.0275963	249.345
419.6000	0.0276313	249.356
419.4000	0.0276643	249.398
419.2000	0.0276953	249.459
419.0000	0.0277276	249.54
418.8000	0.0277615	249.624
418.6000	0.0277949	249.73
418.4000	0.0278357	249.827
418.2000	0.0278739	249.944
418.0000	0.0279094	250.035
417.8000	0.0279522	250.141
417.6000	0.027995	250.219
417.4000	0.0280396	250.303
417.2000	0.0280869	250.375
417.0000	0.0281316	250.429
416.8000	0.0281757	250.478
416.6000	0.0282241	250.514
416.4000	0.0282764	250.545
416.2000	0.0283263	250.574
416.0000	0.028374	250.597
415.8000	0.0284196	250.613
415.6000	0.0284644	250.622
415.4000	0.0285132	250.618
415.2000	0.0285639	250.63
415.0000	0.0286131	250.62
414.8000	0.0286616	250.626
414.6000	0.0287064	250.609
414.4000	0.0287497	250.599
414.2000	0.0288006	250.583
414.0000	0.0288551	250.572
413.8000	0.028907	250.564
413.6000	0.0289513	250.543
413.4000	0.0289952	250.539
413.2000	0.0290399	250.527
413.0000	0.0290916	250.527
412.8000	0.0291397	250.523
412.6000	0.0291874	250.527
412.4000	0.0292251	250.527
412.2000	0.0292588	250.539
412.0000	0.0292957	250.557
411.8000	0.0293377	250.566
411.6000	0.0293725	250.592
411.4000	0.0294082	250.616
411.2000	0.0294515	250.644
411.0000	0.0294898	250.677
410.8000	0.0295279	250.722
410.6000	0.0295727	250.762
410.4000	0.029619	250.808
410.2000	0.0296662	250.858
410.0000	0.0297192	250.897
409.8000	0.029773	250.938
409.6000	0.0298162	250.975
409.4000	0.0298635	251.025
409.2000	0.0299152	251.062
409.0000	0.0299671	251.098
408.8000	0.0300207	251.148
408.6000	0.0300732	251.191
408.4000	0.0301231	251.245
408.2000	0.0301723	251.294
408.0000	0.0302227	251.344
407.8000	0.0302737	251.394
407.6000	0.0303202	251.445
407.4000	0.0303769	251.5
407.2000	0.0304292	251.543
407.0000	0.0304808	251.588
406.8000	0.0305325	251.629
406.6000	0.0305826	251.673
406.4000	0.0306335	251.72
406.2000	0.0306874	251.762
406.0000	0.030742	251.816
405.8000	0.0307919	251.864
405.6000	0.0308407	251.916
405.4000	0.0308919	251.959
405.2000	0.030941	252.016
405.0000	0.0309942	252.066
404.8000	0.0310461	252.12
404.6000	0.0310954	252.173
404.4000	0.0311462	252.21
404.2000	0.0311961	252.251
404.0000	0.0312452	252.287
403.8000	0.0312975	252.324
403.6000	0.0313521	252.37
403.4000	0.0313985	252.42
403.2000	0.0314409	252.466
403.0000	0.0314909	252.504
402.8000	0.0315464	252.535
402.6000	0.0316017	252.567
402.4000	0.0316573	252.596
402.2000	0.0317125	252.621
402.0000	0.0317665	252.643
401.8000	0.0318211	252.656
401.6000	0.0318824	252.669
401.4000	0.031941	252.677
401.2000	0.0319999	252.685
401.0000	0.0320538	252.706
400.8000	0.0321068	252.723
400.6000	0.0321619	252.735
400.4000	0.0322196	252.752
400.2000	0.0322747	252.75
400.0000	0.0323298	252.755
399.8000	0.0323815	252.766
399.6000	0.032438	252.782
399.4000	0.03249	252.806
399.2000	0.032546	252.823
399.0000	0.0325984	252.849
398.8000	0.0326482	252.893
398.6000	0.0327012	252.941
398.4000	0.0327538	253.005
398.2000	0.0328102	253.087
398.0000	0.0328614	253.162
397.8000	0.0329141	253.256
397.6000	0.0329633	253.365
397.4000	0.0330119	253.476
397.2000	0.0330614	253.609
397.0000	0.0331105	253.749
396.8000	0.0331595	253.895
396.6000	0.0332069	254.053
396.4000	0.0332512	254.221
396.2000	0.033291	254.401
396.0000	0.033332	254.594
395.8000	0.0333807	254.797
395.6000	0.0334291	254.996
395.4000	0.0334674	255.21
395.2000	0.0335051	255.43
395.0000	0.0335472	255.645
394.8000	0.0335949	255.872
394.6000	0.033644	256.101
394.4000	0.0336929	256.326
394.2000	0.0337398	256.554
394.0000	0.0337872	256.788
393.8000	0.0338349	257.025
393.6000	0.0338825	257.267
393.4000	0.0339266	257.519
393.2000	0.0339756	257.781
393.0000	0.0340234	258.043
392.8000	0.0340739	258.314
392.6000	0.0341233	258.593
392.4000	0.0341629	258.872
392.2000	0.0342058	259.17
392.0000	0.0342532	259.461
391.8000	0.0342989	259.759
391.6000	0.0343387	260.063
391.4000	0.0343763	260.378
391.2000	0.0344156	260.708
391.0000	0.0344514	261.043
390.8000	0.0344941	261.393
390.6000	0.0345417	261.751
390.4000	0.0345835	262.133
390.2000	0.0346289	262.53
390.0000	0.0346763	262.938
389.8000	0.0347259	263.36
389.6000	0.0347731	263.787
389.4000	0.0348126	264.222
389.2000	0.0348516	264.672
389.0000	0.0348893	265.137
388.8000	0.0349253	265.617
388.6000	0.0349597	266.113
388.4000	0.0349971	266.618
388.2000	0.0350331	267.143
388.0000	0.0350681	267.679
387.8000	0.0351126	268.236
387.6000	0.0351633	268.804
387.4000	0.0352069	269.389
387.2000	0.0352442	269.982
387.0000	0.0352843	270.597
386.8000	0.0353213	271.231
386.6000	0.0353517	271.893
386.4000	0.0353856	272.569
386.2000	0.0354135	273.268
386.0000	0.0354418	273.988
385.8000	0.0354687	274.74
385.6000	0.035499	275.517
385.4000	0.03553	276.314
385.2000	0.0355559	277.122
385.0000	0.0355837	277.958
384.8000	0.0356073	278.818
384.6000	0.0356342	279.693
384.4000	0.0356543	280.608
384.2000	0.0356706	281.565
384.0000	0.0356878	282.55
383.8000	0.0357051	283.549
383.6000	0.0357203	284.601
383.4000	0.0357358	285.691
383.2000	0.0357457	286.814
383.0000	0.0357584	287.984
382.8000	0.0357737	289.186
382.6000	0.0357933	290.432
382.4000	0.0358112	291.698
382.2000	0.035827	293.021
382.0000	0.0358367	294.375
381.8000	0.0358492	295.76
381.6000	0.0358634	297.191
381.4000	0.035871	298.666
381.2000	0.0358725	300.189
381.0000	0.035876	301.748
380.8000	0.0358715	303.359
380.6000	0.0358685	305.031
380.4000	0.0358658	306.765
380.2000	0.035863	308.563
380.0000	0.0358531	310.405
379.8000	0.0358452	312.305
379.6000	0.0358307	314.287
379.4000	0.0358135	316.347
379.2000	0.035792	318.481
379.0000	0.0357685	320.671
378.8000	0.0357393	322.912
378.6000	0.0357056	325.211
378.4000	0.0356763	327.616
378.2000	0.0356443	330.096
378.0000	0.0356062	332.638
377.8000	0.0355658	335.247
377.6000	0.0355266	337.915
377.4000	0.0354868	340.66
377.2000	0.0354414	343.516
377.0000	0.0353855	346.461
376.8000	0.0353151	349.5
376.6000	0.0352504	352.631
376.4000	0.0351823	355.869
376.2000	0.0351158	359.17
376.0000	0.0350475	362.569
375.8000	0.0349657	366.06
375.6000	0.0348758	369.613
375.4000	0.034772	373.242
375.2000	0.0346601	376.941
375.0000	0.0345346	380.718
374.8000	0.0343921	384.578
374.6000	0.0342412	388.545
374.4000	0.0340519	392.619
374.2000	0.0338431	396.789
374.0000	0.0336193	401.065
373.8000	0.0333706	405.465
373.6000	0.033108	409.988
373.4000	0.0328126	414.613
373.2000	0.0324838	419.315
373.0000	0.0321139	424.073
372.8000	0.0317149	428.913
372.6000	0.0312862	433.809
372.4000	0.0308025	438.744
372.2000	0.030286	443.717
372.0000	0.0297372	448.703
371.8000	0.0291461	453.705
371.6000	0.0284991	458.714
371.4000	0.027795	463.743
371.2000	0.0270243	468.751
371.0000	0.0261957	473.784
370.8000	0.0252954	478.832
370.6000	0.0243098	483.861
370.4000	0.0232454	488.839
370.2000	0.0220745	493.785
370.0000	0.0208538	498.675
369.8000	0.0195805	503.477
369.6000	0.0182302	508.166
369.4000	0.0168243	512.71
369.2000	0.0153586	517.103
369.0000	0.0138838	521.331
368.8000	0.0123676	525.383
368.6000	0.0108489	529.254
368.4000	0.00932496	532.937
368.2000	0.00775863	536.406
368.0000	0.00620312	539.666
367.8000	0.00470069	542.788
367.6000	0.0032472	545.682
367.4000	0.00184767	548.315
367.2000	0.000502438	550.711
367.0000	-0.000797494	552.917
366.8000	-0.00202029	554.95
366.6000	-0.0031612	556.854
366.4000	-0.00422784	558.583
366.2000	-0.00522091	560.069
366.0000	-0.00618109	561.401
365.8000	-0.00708125	562.575
365.6000	-0.00789778	563.641
365.4000	-0.00864694	564.633
365.2000	-0.00936345	565.467
365.0000	-0.0100038	566.035
364.8000	-0.0105435	566.534
364.6000	-0.0110093	566.994
364.4000	-0.0114486	567.358
364.2000	-0.011833	567.735
364.0000	-0.0121962	568.075
363.8000	-0.0124998	568.334
363.6000	-0.0127475	568.498
363.4000	-0.0129592	568.67
363.2000	-0.0131758	568.849
363.0000	-0.0133929	569.069
362.8000	-0.0135761	569.314
362.6000	-0.0137295	569.481
362.4000	-0.0138583	569.606
362.2000	-0.0140241	569.652
362.0000	-0.0141144	569.617
361.8000	-0.0141999	569.618
361.6000	-0.0142694	569.624
361.4000	-0.0143046	569.54
361.2000	-0.0143681	569.314
361.0000	-0.0143843	569.122
360.8000	-0.0144067	568.959
360.6000	-0.0143959	568.823
360.4000	-0.0144072	568.811
360.2000	-0.0144397	568.801
360.0000	-0.0144678	568.705
359.8000	-0.0145328	568.619
359.6000	-0.0145366	568.564
359.4000	-0.0145662	568.48
359.2000	-0.0146259	568.301
359.0000	-0.0146853	568.134
358.8000	-0.0147215	567.953
358.6000	-0.0147466	567.775
358.4000	-0.0147323	567.613
358.2000	-0.0146948	567.474
358.0000	-0.0146735	567.322
357.8000	-0.0146542	567.189
357.6000	-0.01462	567.012
357.4000	-0.0145683	566.911
357.2000	-0.0145238	566.844
357.0000	-0.0144871	566.668
356.8000	-0.0144728	566.528
356.6000	-0.014496	566.363
356.4000	-0.0145096	566.167
356.2000	-0.0144721	565.963
356.0000	-0.0144392	565.785
355.8000	-0.0144301	565.564
355.6000	-0.0144338	565.281
355.4000	-0.014423	565.098
355.2000	-0.0144282	564.936
355.0000	-0.0144178	564.787
354.8000	-0.0144105	564.675
354.6000	-0.0144506	564.61
354.4000	-0.0145283	564.548
354.2000	-0.0145604	564.51
354.0000	-0.0145491	564.473
353.8000	-0.0145304	564.325
353.6000	-0.0145078	564.108
353.4000	-0.0144359	563.892
353.2000	-0.0143569	563.744
353.0000	-0.0142775	563.605
352.8000	-0.0142387	563.436
352.6000	-0.0141949	563.321
352.4000	-0.0141597	563.187
352.2000	-0.0141445	563.103
352.0000	-0.0141288	563.08
351.8000	-0.0141723	563.064
351.6000	-0.0141774	562.938
351.4000	-0.0142004	562.723
351.2000	-0.0141959	562.519
351.0000	-0.0141582	562.325
350.8000	-0.0141078	562.16
350.6000	-0.0140856	562.034
350.4000	-0.014047	561.799
350.2000	-0.013975	561.533
350.0000	-0.0139516	561.333
