750.0000	-0.00273202	346.082
749.8000	-0.00273827	346.039
749.6000	-0.00274675	345.997
749.4000	-0.00275296	345.963
749.2000	-0.00275491	345.93
749.0000	-0.00275568	345.895
748.8000	-0.0027563	345.858
748.6000	-0.00275598	345.808
748.4000	-0.00276167	345.744
748.2000	-0.0027717	345.608
748.0000	-0.00277366	345.389
747.8000	-0.00278224	345.161
747.6000	-0.00279256	344.916
747.4000	-0.00280672	344.658
747.2000	-0.00281619	344.394
747.0000	-0.00282483	344.121
746.8000	-0.00282535	343.846
746.6000	-0.00282963	343.583
746.4000	-0.00283751	343.423
746.2000	-0.00283066	343.255
746.0000	-0.00282655	343.092
745.8000	-0.00281944	342.934
745.6000	-0.0028174	342.747
745.4000	-0.00281998	342.553
745.2000	-0.00282171	342.359
745.0000	-0.00282804	342.169
744.8000	-0.00282966	342.006
744.6000	-0.0028443	341.844
744.4000	-0.00286371	341.688
744.2000	-0.00288237	341.525
744.0000	-0.00289098	341.364
743.8000	-0.00289832	341.207
743.6000	-0.00290838	341.061
743.4000	-0.00290789	340.927
743.2000	-0.00291214	340.716
743.0000	-0.00291342	340.412
742.8000	-0.00291908	340.112
742.6000	-0.00291732	339.818
742.4000	-0.00292462	339.546
742.2000	-0.00293152	339.299
742.0000	-0.00293499	339.067
741.8000	-0.00294416	338.84
741.6000	-0.0029572	338.643
741.4000	-0.00297143	338.592
741.2000	-0.00297111	338.565
741.0000	-0.00297431	338.546
740.8000	-0.00297301	338.525
740.6000	-0.00297812	338.504
740.4000	-0.00298801	338.488
740.2000	-0.00300182	338.467
740.0000	-0.00300483	338.438
739.8000	-0.00300465	338.411
739.6000	-0.00300853	338.37
739.4000	-0.00301019	338.316
739.2000	-0.00301343	338.246
739.0000	-0.00302131	338.166
738.8000	-0.00302774	338.059
738.6000	-0.00302624	337.939
738.4000	-0.00302589	337.736
738.2000	-0.00302745	337.428
738.0000	-0.00302964	337.095
737.8000	-0.00303624	336.736
737.6000	-0.00304328	336.364
737.4000	-0.00304361	335.978
737.2000	-0.00303842	335.553
737.0000	-0.00303853	335.095
736.8000	-0.00304034	334.612
736.6000	-0.00304446	334.215
736.4000	-0.00305351	333.803
736.2000	-0.00306756	333.375
736.0000	-0.00307794	332.948
735.8000	-0.00309092	332.517
735.6000	-0.00310471	332.117
735.4000	-0.00312336	331.755
735.2000	-0.00313813	331.45
735.0000	-0.00315192	331.21
734.8000	-0.00315965	331.022
734.6000	-0.00316548	330.891
734.4000	-0.00316854	330.812
734.2000	-0.00316822	330.774
734.0000	-0.00317067	330.785
733.8000	-0.00316751	330.842
733.6000	-0.00316094	330.788
733.4000	-0.003162	330.76
733.2000	-0.00317475	330.756
733.0000	-0.00318217	330.773
732.8000	-0.00319304	330.786
732.6000	-0.00320419	330.803
732.4000	-0.00321558	330.836
732.2000	-0.00323506	330.87
732.0000	-0.00324789	330.982
731.8000	-0.00324908	331.134
731.6000	-0.00324623	331.279
731.4000	-0.00323981	331.419
731.2000	-0.00323213	331.555
731.0000	-0.00322545	331.693
730.8000	-0.00321399	331.812
730.6000	-0.00320341	331.915
730.4000	-0.00320172	332.022
730.2000	-0.00320659	332.127
730.0000	-0.00321813	332.223
729.8000	-0.00322417	332.317
729.6000	-0.00323445	332.408
729.4000	-0.00324965	332.51
729.2000	-0.00325913	332.55
729.0000	-0.00326631	332.514
728.8000	-0.00327353	332.479
728.6000	-0.00328192	332.442
728.4000	-0.0032869	332.415
728.2000	-0.00329196	332.379
728.0000	-0.00330309	332.349
727.8000	-0.00330986	332.321
727.6000	-0.00332223	332.297
727.4000	-0.00333482	332.385
727.2000	-0.00333914	332.458
727.0000	-0.00334255	332.536
726.8000	-0.00334327	332.599
726.6000	-0.00334629	332.662
726.4000	-0.00335159	332.716
726.2000	-0.00335306	332.759
726.0000	-0.00335414	332.787
725.8000	-0.00335407	332.812
725.6000	-0.00335414	332.843
725.4000	-0.00335298	332.856
725.2000	-0.00335831	332.86
725.0000	-0.0033572	332.846
724.8000	-0.00335074	332.777
724.6000	-0.0033481	332.63
724.4000	-0.00334731	332.469
724.2000	-0.00335347	332.3
724.0000	-0.00335747	332.116
723.8000	-0.00336447	331.925
723.6000	-0.00336732	331.728
723.4000	-0.00337314	331.526
723.2000	-0.00338875	331.335
723.0000	-0.00340224	331.238
722.8000	-0.00341556	331.141
722.6000	-0.00342003	331.041
722.4000	-0.00342568	330.931
722.2000	-0.00344047	330.813
722.0000	-0.00345228	330.678
721.8000	-0.00346676	330.528
721.6000	-0.00347537	330.376
721.4000	-0.00347701	330.212
721.2000	-0.00348002	330.047
721.0000	-0.00348181	329.864
720.8000	-0.00348651	329.672
720.6000	-0.00348632	329.478
720.4000	-0.00349282	329.158
720.2000	-0.0034887	328.824
720.0000	-0.00348468	328.484
719.8000	-0.00348519	328.136
719.6000	-0.00348274	327.792
719.4000	-0.00348478	327.453
719.2000	-0.00349159	327.118
719.0000	-0.00350451	326.785
718.8000	-0.00350641	326.531
718.6000	-0.00350892	326.336
718.4000	-0.00352033	326.153
718.2000	-0.00353644	325.969
718.0000	-0.00354303	325.784
717.8000	-0.00354977	325.609
717.6000	-0.00356042	325.438
717.4000	-0.00355743	325.269
717.2000	-0.00355761	325.109
717.0000	-0.00356672	324.957
716.8000	-0.00358049	324.799
716.6000	-0.00358333	324.642
716.4000	-0.00359276	324.43
716.2000	-0.00360604	324.143
716.0000	-0.00361702	323.851
715.8000	-0.00362591	323.57
715.6000	-0.00364227	323.299
715.4000	-0.00365685	323.031
715.2000	-0.00366176	322.772
715.0000	-0.00366476	322.525
714.8000	-0.00367121	322.311
714.6000	-0.00367778	322.218
714.4000	-0.00367831	322.141
714.2000	-0.00368443	322.082
714.0000	-0.00368922	322.039
713.8000	-0.00369045	321.999
713.6000	-0.00368788	321.986
713.4000	-0.00368994	321.993
713.2000	-0.00369112	322.017
713.0000	-0.00369501	322.059
712.8000	-0.00370623	322.113
712.6000	-0.00371089	322.175
712.4000	-0.00372012	322.257
712.2000	-0.00372218	322.236
712.0000	-0.0037276	322.215
711.8000	-0.00373497	322.199
711.6000	-0.0037484	322.181
711.4000	-0.00375612	322.165
711.2000	-0.00374967	322.151
711.0000	-0.00374668	322.145
710.8000	-0.00374925	322.134
710.6000	-0.00374986	322.193
710.4000	-0.00376104	322.309
710.2000	-0.00376963	322.419
710.0000	-0.00377035	322.533
709.8000	-0.00376698	322.638
709.6000	-0.00377248	322.731
709.4000	-0.00377771	322.822
709.2000	-0.00378363	322.909
709.0000	-0.00378833	322.982
708.8000	-0.00378919	323.046
708.6000	-0.00378213	323.1
708.4000	-0.00377943	323.153
708.2000	-0.00378312	323.086
708.0000	-0.00378618	323.008
707.8000	-0.00379032	322.923
707.6000	-0.00379174	322.831
707.4000	-0.00378994	322.74
707.2000	-0.00379166	322.639
707.0000	-0.00380451	322.536
706.8000	-0.00381826	322.426
706.6000	-0.00383121	322.386
706.4000	-0.00384555	322.395
706.2000	-0.00386319	322.4
706.0000	-0.00387063	322.398
705.8000	-0.00387739	322.387
705.6000	-0.00388527	322.377
705.4000	-0.00389529	322.359
705.2000	-0.00390556	322.333
705.0000	-0.00391153	322.301
704.8000	-0.00391083	322.266
704.6000	-0.00390291	322.229
704.4000	-0.00389979	322.073
704.2000	-0.00390635	321.91
704.0000	-0.00391319	321.74
703.8000	-0.00391858	321.576
703.6000	-0.00391469	321.406
703.4000	-0.00391669	321.228
703.2000	-0.0039178	321.06
703.0000	-0.00392289	320.876
702.8000	-0.00393463	320.768
702.6000	-0.00394178	320.699
702.4000	-0.00394727	320.635
702.2000	-0.00394235	320.57
702.0000	-0.00394315	320.498
701.8000	-0.00394731	320.435
701.6000	-0.00395305	320.372
701.4000	-0.00396214	320.308
701.2000	-0.00396927	320.242
701.0000	-0.0039719	320.179
700.8000	-0.00397903	320.111
700.6000	-0.00399326	319.922
700.4000	-0.00400381	319.724
700.2000	-0.00401203	319.523
700.0000	-0.00401761	319.318
699.8000	-0.00401953	319.116
699.6000	-0.00402854	318.921
699.4000	-0.00404631	318.715
699.2000	-0.00405473	318.509
699.0000	-0.00405544	318.376
698.8000	-0.00405909	318.286
698.6000	-0.00406405	318.191
698.4000	-0.00407739	318.082
698.2000	-0.00408877	317.972
698.0000	-0.00409076	317.864
697.8000	-0.0040832	317.757
697.6000	-0.00408269	317.646
697.4000	-0.00408739	317.531
697.2000	-0.00409294	317.415
697.0000	-0.00409584	317.243
696.8000	-0.00409449	317.019
696.6000	-0.00408879	316.784
696.4000	-0.0040934	316.522
696.2000	-0.0041021	316.257
696.0000	-0.00410839	315.99
695.8000	-0.00411607	315.717
695.6000	-0.00412174	315.446
695.4000	-0.00412655	315.2
695.2000	-0.00413854	315.043
695.0000	-0.00414955	314.88
694.8000	-0.00415776	314.734
694.6000	-0.004167	314.593
694.4000	-0.00417538	314.438
694.2000	-0.00417759	314.273
694.0000	-0.00418257	314.108
693.8000	-0.00419096	313.937
693.6000	-0.00419703	313.763
693.4000	-0.00419718	313.54
693.2000	-0.00420717	313.257
693.0000	-0.00421275	312.978
692.8000	-0.00421433	312.703
692.6000	-0.00421496	312.442
692.4000	-0.00422613	312.183
692.2000	-0.00423766	311.917
692.0000	-0.0042427	311.661
691.8000	-0.00424173	311.421
691.6000	-0.00424998	311.284
691.4000	-0.00425316	311.145
691.2000	-0.00425808	311.011
691.0000	-0.0042705	310.892
690.8000	-0.00426924	310.774
690.6000	-0.00427352	310.664
690.4000	-0.00428198	310.557
690.2000	-0.00429218	310.466
690.0000	-0.00429829	310.383
689.8000	-0.00430207	310.196
689.6000	-0.00430561	310.012
689.4000	-0.00431049	309.829
689.2000	-0.004323	309.654
689.0000	-0.00433035	309.493
688.8000	-0.00432898	309.341
688.6000	-0.00432628	309.185
688.4000	-0.00432267	309.038
688.2000	-0.00432065	308.958
688.0000	-0.00432505	308.918
687.8000	-0.00433212	308.881
687.6000	-0.00433226	308.834
687.4000	-0.00433055	308.781
687.2000	-0.00433489	308.711
687.0000	-0.00434166	308.639
686.8000	-0.00435572	308.556
686.6000	-0.00436701	308.459
686.4000	-0.00437484	308.262
686.2000	-0.00437572	308.043
686.0000	-0.00437917	307.823
685.8000	-0.00438577	307.609
685.6000	-0.00439212	307.399
685.4000	-0.00440125	307.192
685.2000	-0.00441288	306.994
685.0000	-0.00442152	306.813
684.8000	-0.00443032	306.711
684.6000	-0.00443293	306.682
684.4000	-0.00444074	306.681
684.2000	-0.00444384	306.692
684.0000	-0.00445076	306.729
683.8000	-0.00445686	306.802
683.6000	-0.00445536	306.91
683.4000	-0.00445472	307.061
683.2000	-0.00445697	307.242
683.0000	-0.00446617	307.359
682.8000	-0.00447276	307.485
682.6000	-0.00448025	307.61
682.4000	-0.00449087	307.738
682.2000	-0.00450296	307.853
682.0000	-0.00451382	307.95
681.8000	-0.00452032	308.021
681.6000	-0.00452274	308.061
681.4000	-0.0045235	308.139
681.2000	-0.00452585	308.226
681.0000	-0.00453007	308.304
680.8000	-0.00453356	308.377
680.6000	-0.00453266	308.445
680.4000	-0.00452823	308.504
680.2000	-0.00453444	308.547
680.0000	-0.00454214	308.581
679.8000	-0.00455274	308.558
679.6000	-0.00456397	308.468
679.4000	-0.00456891	308.37
679.2000	-0.00456975	308.264
679.0000	-0.00457436	308.155
678.8000	-0.00458036	308.044
678.6000	-0.00458078	307.932
678.4000	-0.00458034	307.82
678.2000	-0.00458699	307.719
678.0000	-0.00458808	307.71
677.8000	-0.00458992	307.703
677.6000	-0.00459018	307.694
677.4000	-0.00459114	307.678
677.2000	-0.00459283	307.662
677.0000	-0.00459798	307.649
676.8000	-0.00459888	307.636
676.6000	-0.00459817	307.579
676.4000	-0.00460383	307.456
676.2000	-0.00461192	307.332
676.0000	-0.00461895	307.216
675.8000	-0.00463051	307.11
675.6000	-0.00464107	306.998
675.4000	-0.00465174	306.882
675.2000	-0.00466087	306.763
675.0000	-0.00467038	306.658
674.8000	-0.00467829	306.652
674.6000	-0.00467919	306.648
674.4000	-0.00468183	306.641
674.2000	-0.00468239	306.631
674.0000	-0.00468674	306.62
673.8000	-0.0046887	306.613
673.6000	-0.00469361	306.609
673.4000	-0.004695	306.508
673.2000	-0.00469095	306.396
673.0000	-0.0046896	306.284
672.8000	-0.00468973	306.176
672.6000	-0.00469364	306.064
672.4000	-0.00469502	305.959
672.2000	-0.00469987	305.855
672.0000	-0.00470774	305.749
671.8000	-0.00471384	305.701
671.6000	-0.00472029	305.703
671.4000	-0.00472892	305.708
671.2000	-0.00473668	305.71
671.0000	-0.00474618	305.712
670.8000	-0.00475594	305.708
670.6000	-0.00476183	305.702
670.4000	-0.00476343	305.655
670.2000	-0.00476846	305.549
670.0000	-0.0047776	305.441
669.8000	-0.00479208	305.33
669.6000	-0.00480134	305.222
669.4000	-0.00480627	305.113
669.2000	-0.00481331	305.011
669.0000	-0.00482452	304.906
668.8000	-0.00483191	304.808
668.6000	-0.00483699	304.802
668.4000	-0.00484417	304.801
668.2000	-0.00484093	304.809
668.0000	-0.00484065	304.812
667.8000	-0.00485161	304.814
667.6000	-0.00485867	304.817
667.4000	-0.00485844	304.779
667.2000	-0.00486498	304.687
667.0000	-0.00487177	304.603
666.8000	-0.00487308	304.522
666.6000	-0.00487921	304.443
666.4000	-0.00489046	304.363
666.2000	-0.00489753	304.28
666.0000	-0.0048989	304.2
665.8000	-0.0049058	304.134
665.6000	-0.0049017	304.155
665.4000	-0.00490257	304.181
665.2000	-0.00491146	304.198
665.0000	-0.00491877	304.213
664.8000	-0.00492892	304.231
664.6000	-0.00493356	304.248
664.4000	-0.00494174	304.215
664.2000	-0.00494479	304.126
664.0000	-0.00495197	304.035
663.8000	-0.00496211	303.941
663.6000	-0.00496802	303.851
663.4000	-0.00497322	303.762
663.2000	-0.00497734	303.664
663.0000	-0.00498611	303.568
662.8000	-0.00499116	303.484
662.6000	-0.00499844	303.495
662.4000	-0.0050101	303.508
662.2000	-0.00502341	303.516
662.0000	-0.00502381	303.524
661.8000	-0.00502677	303.533
661.6000	-0.00503041	303.539
661.4000	-0.00503129	303.468
661.2000	-0.00503622	303.382
661.0000	-0.00504483	303.296
660.8000	-0.00505503	303.206
660.6000	-0.00505717	303.115
660.4000	-0.00506789	303.03
660.2000	-0.00507995	302.942
660.0000	-0.00508898	302.854
659.8000	-0.00509367	302.82
659.6000	-0.00509652	302.822
659.4000	-0.00510033	302.818
659.2000	-0.00510209	302.815
659.0000	-0.00510264	302.804
658.8000	-0.00510648	302.789
658.6000	-0.00511143	302.683
658.4000	-0.00511804	302.569
658.2000	-0.00512577	302.452
658.0000	-0.0051316	302.336
657.8000	-0.00513741	302.222
657.6000	-0.00514495	302.11
657.4000	-0.0051517	302.001
657.2000	-0.0051558	301.891
657.0000	-0.00515797	301.835
656.8000	-0.00516572	301.818
656.6000	-0.00517479	301.793
656.4000	-0.00518546	301.766
656.2000	-0.00518799	301.741
656.0000	-0.00519147	301.705
655.8000	-0.00519855	301.574
655.6000	-0.00520884	301.43
655.4000	-0.00521654	301.286
655.2000	-0.00521963	301.139
655.0000	-0.00522431	300.995
654.8000	-0.00522352	300.854
654.6000	-0.00523156	300.705
654.4000	-0.0052416	300.555
654.2000	-0.00524969	300.462
654.0000	-0.0052576	300.402
653.8000	-0.00526151	300.34
653.6000	-0.00526506	300.275
653.4000	-0.00526939	300.207
653.2000	-0.00527167	300.134
653.0000	-0.00527327	299.966
652.8000	-0.00527594	299.787
652.6000	-0.00528025	299.614
652.4000	-0.00528469	299.435
652.2000	-0.00529683	299.253
652.0000	-0.00531011	299.069
651.8000	-0.00532069	298.873
651.6000	-0.00532357	298.675
651.4000	-0.00533086	298.536
651.2000	-0.00533725	298.443
651.0000	-0.00534157	298.352
650.8000	-0.00534351	298.274
650.6000	-0.00534381	298.203
650.4000	-0.00534008	298.103
650.2000	-0.0053386	297.96
650.0000	-0.00534353	297.834
649.8000	-0.00534845	297.715
649.6000	-0.00535593	297.604
649.4000	-0.00536258	297.503
649.2000	-0.0053683	297.411
649.0000	-0.00537315	297.322
648.8000	-0.00538024	297.255
648.6000	-0.00538928	297.276
648.4000	-0.00539764	297.302
648.2000	-0.00540553	297.334
648.0000	-0.00541732	297.366
647.8000	-0.00542302	297.364
647.6000	-0.00542854	297.301
647.4000	-0.00542987	297.247
647.2000	-0.00543105	297.196
647.0000	-0.00543684	297.137
646.8000	-0.00544589	297.082
646.6000	-0.00545356	297.021
646.4000	-0.0054529	296.961
646.2000	-0.00545348	296.916
646.0000	-0.00546478	296.947
645.8000	-0.00547364	296.979
645.6000	-0.00547929	297.009
645.4000	-0.00548435	297.041
645.2000	-0.005483	297.027
645.0000	-0.00548429	296.971
644.8000	-0.00549124	296.913
644.6000	-0.00550022	296.849
644.4000	-0.00550611	296.785
644.2000	-0.00550966	296.723
644.0000	-0.0055154	296.649
643.8000	-0.00551692	296.573
643.6000	-0.00552216	296.515
643.4000	-0.00553297	296.524
643.2000	-0.0055403	296.53
643.0000	-0.00554742	296.537
642.8000	-0.00555498	296.546
642.6000	-0.00555984	296.509
642.4000	-0.00556916	296.422
642.2000	-0.00558443	296.328
642.0000	-0.00560065	296.232
641.8000	-0.00560923	296.135
641.6000	-0.00561682	296.033
641.4000	-0.00562464	295.94
641.2000	-0.00563117	295.839
641.0000	-0.00562983	295.75
640.8000	-0.00563095	295.74
640.6000	-0.00563362	295.727
640.4000	-0.00563376	295.72
640.2000	-0.00563555	295.705
640.0000	-0.00563848	295.614
639.8000	-0.00563848	295.514
639.6000	-0.00564073	295.411
639.4000	-0.00565038	295.309
639.2000	-0.00566758	295.206
639.0000	-0.00567928	295.102
638.8000	-0.0056849	294.992
638.6000	-0.00569205	294.885
638.4000	-0.00569838	294.831
638.2000	-0.0057065	294.806
638.0000	-0.0057146	294.777
637.8000	-0.00571955	294.742
637.6000	-0.00572492	294.637
637.4000	-0.00572556	294.519
637.2000	-0.00573941	294.413
637.0000	-0.00575205	294.301
636.8000	-0.00576017	294.18
636.6000	-0.00577102	294.06
636.4000	-0.00577568	293.943
636.2000	-0.00578399	293.833
636.0000	-0.00579145	293.762
635.8000	-0.00580165	293.727
635.6000	-0.00580546	293.696
635.4000	-0.00581169	293.657
635.2000	-0.00582085	293.586
635.0000	-0.0058346	293.463
634.8000	-0.00584689	293.34
634.6000	-0.00585607	293.22
634.4000	-0.00586271	293.093
634.2000	-0.00587531	292.973
634.0000	-0.00588976	292.845
633.8000	-0.00589905	292.719
633.6000	-0.00591151	292.611
633.4000	-0.0059109	292.574
633.2000	-0.00591344	292.539
633.0000	-0.00591636	292.504
632.8000	-0.0059183	292.394
632.6000	-0.00592072	292.282
632.4000	-0.00592555	292.162
632.2000	-0.00592944	292.047
632.0000	-0.00592639	291.936
631.8000	-0.00593085	291.832
631.6000	-0.00594344	291.732
631.4000	-0.00595467	291.628
631.2000	-0.00596767	291.582
631.0000	-0.00598205	291.569
630.8000	-0.00599397	291.561
630.6000	-0.00599745	291.554
630.4000	-0.00600544	291.466
630.2000	-0.00601757	291.372
630.0000	-0.00602632	291.272
629.8000	-0.00603127	291.172
629.6000	-0.00603876	291.075
629.4000	-0.0060445	290.972
629.2000	-0.006051	290.867
629.0000	-0.00605899	290.767
628.8000	-0.00606834	290.712
628.6000	-0.00607408	290.692
628.4000	-0.0060805	290.675
628.2000	-0.00608484	290.618
628.0000	-0.00608779	290.513
627.8000	-0.00608848	290.411
627.6000	-0.00608454	290.314
627.4000	-0.00608463	290.217
627.2000	-0.00608736	290.124
627.0000	-0.00608769	290.028
626.8000	-0.00609035	289.926
626.6000	-0.00609302	289.84
626.4000	-0.00609568	289.821
626.2000	-0.0061021	289.799
626.0000	-0.00611613	289.769
625.8000	-0.00612827	289.671
625.6000	-0.00613294	289.567
625.4000	-0.00614182	289.461
625.2000	-0.00614849	289.357
625.0000	-0.00615423	289.249
624.8000	-0.00616181	289.153
624.6000	-0.00617287	289.057
624.4000	-0.00618025	288.964
624.2000	-0.00618705	288.918
624.0000	-0.00619618	288.899
623.8000	-0.00620232	288.876
623.6000	-0.00620704	288.776
623.4000	-0.00621561	288.673
623.2000	-0.00622128	288.568
623.0000	-0.00622996	288.456
622.8000	-0.00623127	288.339
622.6000	-0.00623336	288.234
622.4000	-0.00623444	288.13
622.2000	-0.00623884	288.031
622.0000	-0.00624675	287.985
621.8000	-0.00624978	287.971
621.6000	-0.00625341	287.962
621.4000	-0.00625217	287.886
621.2000	-0.00625449	287.812
621.0000	-0.00625969	287.733
620.8000	-0.00627335	287.653
620.6000	-0.0062839	287.559
620.4000	-0.00628907	287.468
620.2000	-0.00629814	287.389
620.0000	-0.00630207	287.308
619.8000	-0.00631353	287.274
619.6000	-0.00633111	287.269
619.4000	-0.00634279	287.268
619.2000	-0.0063439	287.199
619.0000	-0.0063459	287.135
618.8000	-0.00635314	287.071
618.6000	-0.00636579	287.003
618.4000	-0.00637691	286.94
618.2000	-0.00638694	286.874
618.0000	-0.00639145	286.801
617.8000	-0.00639619	286.73
617.6000	-0.00641115	286.705
617.4000	-0.00642354	286.713
617.2000	-0.00643636	286.694
617.0000	-0.00644343	286.622
616.8000	-0.00645183	286.545
616.6000	-0.00646957	286.471
616.4000	-0.00648686	286.404
616.2000	-0.00649515	286.336
616.0000	-0.00650242	286.274
615.8000	-0.00650616	286.205
615.6000	-0.00651571	286.143
615.4000	-0.00652427	286.143
615.2000	-0.00652796	286.16
615.0000	-0.00652874	286.1
614.8000	-0.00652878	286.029
614.6000	-0.00653399	285.963
614.4000	-0.00654456	285.896
614.2000	-0.00655216	285.831
614.0000	-0.00655781	285.766
613.8000	-0.00655977	285.706
613.6000	-0.00657111	285.642
613.4000	-0.0065824	285.63
613.2000	-0.00658938	285.657
613.0000	-0.00660124	285.596
612.8000	-0.00661074	285.531
612.6000	-0.00661669	285.461
612.4000	-0.00662534	285.393
612.2000	-0.00663328	285.329
612.0000	-0.00664049	285.264
611.8000	-0.00665094	285.196
611.6000	-0.00666685	285.126
611.4000	-0.00667716	285.111
611.2000	-0.00668275	285.133
611.0000	-0.00669565	285.114
610.8000	-0.00670835	285.048
610.6000	-0.00672172	284.985
610.4000	-0.00673197	284.917
610.2000	-0.00673682	284.856
610.0000	-0.00674129	284.79
609.8000	-0.00674964	284.721
609.6000	-0.00676019	284.653
609.4000	-0.00676512	284.597
609.2000	-0.00676455	284.614
609.0000	-0.00677088	284.599
608.8000	-0.00677597	284.543
608.6000	-0.00678249	284.48
608.4000	-0.00679253	284.424
608.2000	-0.00679596	284.363
608.0000	-0.00679871	284.305
607.8000	-0.00680653	284.245
607.6000	-0.00681935	284.181
607.4000	-0.0068341	284.13
607.2000	-0.00684883	284.145
607.0000	-0.00686471	284.122
606.8000	-0.00687529	284.056
606.6000	-0.00688536	283.984
606.4000	-0.00690053	283.913
606.2000	-0.00691223	283.837
606.0000	-0.00692524	283.762
605.8000	-0.00692929	283.685
605.6000	-0.00693896	283.61
605.4000	-0.00694979	283.539
605.2000	-0.00695962	283.535
605.0000	-0.00697605	283.468
604.8000	-0.00699079	283.397
604.6000	-0.0070055	283.331
604.4000	-0.00701248	283.267
604.2000	-0.00702066	283.197
604.0000	-0.00702819	283.125
603.8000	-0.00703155	283.051
603.6000	-0.00703291	282.974
603.4000	-0.00703669	282.945
603.2000	-0.00703944	282.939
603.0000	-0.00704226	282.877
602.8000	-0.00705045	282.809
602.6000	-0.00706411	282.74
602.4000	-0.0070806	282.671
602.2000	-0.00709377	282.603
602.0000	-0.00711071	282.538
601.8000	-0.00712465	282.471
601.6000	-0.00713452	282.401
601.4000	-0.00714732	282.374
601.2000	-0.00715179	282.299
601.0000	-0.0071615	282.214
600.8000	-0.0071629	282.132
600.6000	-0.00716957	282.041
600.4000	-0.0071801	281.954
600.2000	-0.00719089	281.863
600.0000	-0.00719924	281.769
599.8000	-0.00720592	281.678
599.6000	-0.00721622	281.624
599.4000	-0.00722311	281.578
599.2000	-0.00723724	281.49
599.0000	-0.00725212	281.406
598.8000	-0.00726572	281.323
598.6000	-0.00727337	281.241
598.4000	-0.00728429	281.16
598.2000	-0.00729557	281.078
598.0000	-0.00730809	281.003
597.8000	-0.00731747	280.925
597.6000	-0.00732556	280.908
597.4000	-0.00733317	280.823
597.2000	-0.00733643	280.731
597.0000	-0.00734342	280.638
596.8000	-0.00735187	280.543
596.6000	-0.00736599	280.447
596.4000	-0.007374	280.354
596.2000	-0.00738612	280.26
596.0000	-0.00739456	280.172
595.8000	-0.00740379	280.126
595.6000	-0.00742047	280.04
595.4000	-0.0074358	279.957
595.2000	-0.00744804	279.869
595.0000	-0.00745945	279.784
594.8000	-0.00746939	279.695
594.6000	-0.00748298	279.608
594.4000	-0.00749768	279.517
594.2000	-0.0075129	279.426
594.0000	-0.00752221	279.381
593.8000	-0.00753142	279.303
593.6000	-0.00753846	279.217
593.4000	-0.00754446	279.13
593.2000	-0.00755206	279.043
593.0000	-0.00755681	278.961
592.8000	-0.00756691	278.872
592.6000	-0.00757743	278.794
592.4000	-0.00758621	278.714
592.2000	-0.00759239	278.676
592.0000	-0.00760554	278.603
591.8000	-0.00761751	278.52
591.6000	-0.00762342	278.442
591.4000	-0.00762783	278.354
591.2000	-0.00763387	278.271
591.0000	-0.00763572	278.193
590.8000	-0.00764007	278.107
590.6000	-0.00764461	278.026
590.4000	-0.00765388	277.954
590.2000	-0.0076643	277.876
590.0000	-0.00767873	277.803
589.8000	-0.00768962	277.729
589.6000	-0.00769988	277.66
589.4000	-0.00771338	277.586
589.2000	-0.00772967	277.511
589.0000	-0.00774546	277.438
588.8000	-0.00775609	277.368
588.6000	-0.00775714	277.304
588.4000	-0.0077638	277.235
588.2000	-0.00777738	277.169
588.0000	-0.00779052	277.104
587.8000	-0.00779869	277.039
587.6000	-0.0078065	276.977
587.4000	-0.00781412	276.915
587.2000	-0.00782256	276.853
587.0000	-0.00783449	276.803
586.8000	-0.00784301	276.736
586.6000	-0.00784849	276.667
586.4000	-0.00785241	276.599
586.2000	-0.00786406	276.529
586.0000	-0.00787478	276.456
585.8000	-0.00788172	276.389
585.6000	-0.00789052	276.316
585.4000	-0.00789746	276.252
585.2000	-0.00790856	276.192
585.0000	-0.00792088	276.129
584.8000	-0.0079332	276.068
584.6000	-0.00794091	276.009
584.4000	-0.00794791	275.954
584.2000	-0.00795989	275.901
584.0000	-0.00797524	275.848
583.8000	-0.00798723	275.799
583.6000	-0.00799827	275.751
583.4000	-0.00800878	275.691
583.2000	-0.00802104	275.631
583.0000	-0.00803546	275.566
582.8000	-0.00804907	275.504
582.6000	-0.00805639	275.446
582.4000	-0.00806321	275.391
582.2000	-0.00806825	275.333
582.0000	-0.00808276	275.253
581.8000	-0.00809137	275.191
581.6000	-0.00810287	275.133
581.4000	-0.00811138	275.074
581.2000	-0.00811898	275.016
581.0000	-0.00813469	274.956
580.8000	-0.0081463	274.891
580.6000	-0.00815844	274.832
580.4000	-0.00816317	274.778
580.2000	-0.00817114	274.73
580.0000	-0.00817892	274.679
579.8000	-0.00818926	274.627
579.6000	-0.00820328	274.575
579.4000	-0.00821327	274.523
579.2000	-0.00822445	274.471
579.0000	-0.00823297	274.417
578.8000	-0.00824454	274.358
578.6000	-0.00825904	274.28
578.4000	-0.00826589	274.22
578.2000	-0.00827573	274.165
578.0000	-0.00828768	274.107
577.8000	-0.00829663	274.046
577.6000	-0.00830668	273.985
577.4000	-0.00831982	273.924
577.2000	-0.00833909	273.845
577.0000	-0.00835905	273.768
576.8000	-0.0083735	273.716
576.6000	-0.00838704	273.668
576.4000	-0.00839826	273.622
576.2000	-0.00841029	273.581
576.0000	-0.00842366	273.538
575.8000	-0.00843276	273.499
575.6000	-0.00844192	273.435
575.4000	-0.00844597	273.396
575.2000	-0.00845499	273.358
575.0000	-0.00847022	273.32
574.8000	-0.00848356	273.283
574.6000	-0.00849365	273.239
574.4000	-0.00850326	273.195
574.2000	-0.00851702	273.152
574.0000	-0.00853155	273.082
573.8000	-0.00854267	273.022
573.6000	-0.00855629	272.962
573.4000	-0.00856992	272.9
573.2000	-0.00858237	272.831
573.0000	-0.00859583	272.765
572.8000	-0.00860934	272.704
572.6000	-0.00862502	272.643
572.4000	-0.00864256	272.54
572.2000	-0.00866044	272.489
572.0000	-0.00867734	272.438
571.8000	-0.0086924	272.384
571.6000	-0.00870335	272.33
571.4000	-0.0087091	272.276
571.2000	-0.00872181	272.222
571.0000	-0.00873599	272.138
570.8000	-0.00874424	272.05
570.6000	-0.00875437	271.986
570.4000	-0.0087651	271.934
570.2000	-0.00877375	271.883
570.0000	-0.00878631	271.839
569.8000	-0.00879919	271.796
569.6000	-0.00880906	271.747
569.4000	-0.00881402	271.651
569.2000	-0.0088217	271.607
569.0000	-0.00883582	271.572
568.8000	-0.00884709	271.53
568.6000	-0.0088566	271.487
568.4000	-0.00886743	271.444
568.2000	-0.00888	271.398
568.0000	-0.0088945	271.337
567.8000	-0.00891403	271.278
567.6000	-0.00892763	271.237
567.4000	-0.0089341	271.195
567.2000	-0.00893972	271.148
567.0000	-0.00894897	271.105
566.8000	-0.00895956	271.061
566.6000	-0.00897074	270.988
566.4000	-0.00898311	270.888
566.2000	-0.00899205	270.837
566.0000	-0.00900459	270.791
565.8000	-0.0090196	270.742
565.6000	-0.00903421	270.697
565.4000	-0.00904403	270.655
565.2000	-0.00905526	270.605
565.0000	-0.0090699	270.515
564.8000	-0.00908359	270.468
564.6000	-0.00909269	270.424
564.4000	-0.00910309	270.379
564.2000	-0.00911544	270.333
564.0000	-0.00912385	270.285
563.8000	-0.00913676	270.235
563.6000	-0.00915341	270.135
563.4000	-0.00916018	270.069
563.2000	-0.00916649	270.025
563.0000	-0.00917787	269.983
562.8000	-0.00919214	269.942
562.6000	-0.00920129	269.9
562.4000	-0.00920936	269.86
562.2000	-0.00922175	269.762
562.0000	-0.00923471	269.699
561.8000	-0.00925325	269.649
561.6000	-0.00926834	269.596
561.4000	-0.00928188	269.544
561.2000	-0.00929624	269.491
561.0000	-0.00930678	269.434
560.8000	-0.00932278	269.329
560.6000	-0.00933874	269.262
560.4000	-0.00934401	269.211
560.2000	-0.00935654	269.161
560.0000	-0.00936888	269.113
559.8000	-0.00938452	269.068
559.6000	-0.00939785	269.024
559.4000	-0.00941631	268.928
559.2000	-0.00942833	268.861
559.0000	-0.00944175	268.809
558.8000	-0.00946088	268.758
558.6000	-0.00948048	268.713
558.4000	-0.00949179	268.672
558.2000	-0.00950385	268.627
558.0000	-0.00951778	268.525
557.8000	-0.00952829	268.453
557.6000	-0.00954097	268.407
557.4000	-0.00955549	268.363
557.2000	-0.00957082	268.319
557.0000	-0.00958137	268.274
556.8000	-0.00960114	268.203
556.6000	-0.00962065	268.102
556.4000	-0.00963762	268.036
556.2000	-0.00965693	267.997
556.0000	-0.00967032	267.958
555.8000	-0.00968865	267.917
555.6000	-0.00970458	267.869
555.4000	-0.00972525	267.769
555.2000	-0.00974061	267.673
555.0000	-0.00974911	267.622
554.8000	-0.00976522	267.573
554.6000	-0.00977865	267.523
554.4000	-0.00979978	267.474
554.2000	-0.00981605	267.43
554.0000	-0.00983318	267.338
553.8000	-0.00985132	267.281
553.6000	-0.00986744	267.245
553.4000	-0.00988167	267.211
553.2000	-0.0098971	267.178
553.0000	-0.00991409	267.147
552.8000	-0.00993288	267.096
552.6000	-0.00994775	267.016
552.4000	-0.00996365	266.971
552.2000	-0.00997679	266.951
552.0000	-0.00998973	266.923
551.8000	-0.0100085	266.898
551.6000	-0.0100267	266.871
551.4000	-0.0100433	266.79
551.2000	-0.0100538	266.707
551.0000	-0.0100677	266.665
550.8000	-0.010082	266.621
550.6000	-0.0100993	266.576
550.4000	-0.0101146	266.532
550.2000	-0.0101279	266.469
550.0000	-0.0101397	266.372
549.8000	-0.0101529	266.312
549.6000	-0.0101664	266.275
549.4000	-0.0101827	266.238
549.2000	-0.0102017	266.205
549.0000	-0.0102183	266.141
548.8000	-0.0102313	266.051
548.6000	-0.0102421	265.963
548.4000	-0.0102561	265.918
548.2000	-0.0102707	265.876
548.0000	-0.0102852	265.828
547.8000	-0.0103013	265.782
547.6000	-0.0103034	265.685
547.4000	-0.0103124	265.593
547.2000	-0.0103171	265.55
547.0000	-0.0103289	265.501
546.8000	-0.0103453	265.461
546.6000	-0.010358	265.422
546.4000	-0.0103673	265.336
546.2000	-0.0103756	265.25
546.0000	-0.0103978	265.191
545.8000	-0.0104105	265.153
545.6000	-0.010425	265.115
545.4000	-0.0104422	265.083
545.2000	-0.0104571	265.024
545.0000	-0.0104752	264.93
544.8000	-0.0104966	264.87
544.6000	-0.0105166	264.833
544.4000	-0.0105267	264.794
544.2000	-0.0105376	264.757
544.0000	-0.010553	264.698
543.8000	-0.0105673	264.611
543.6000	-0.0105796	264.529
543.4000	-0.0105901	264.497
543.2000	-0.010603	264.466
543.0000	-0.0106145	264.433
542.8000	-0.0106291	264.381
542.6000	-0.0106461	264.309
542.4000	-0.0106648	264.246
542.2000	-0.0106839	264.235
542.0000	-0.0107003	264.223
541.8000	-0.0107195	264.217
541.6000	-0.0107328	264.187
541.4000	-0.0107426	264.126
541.2000	-0.0107557	264.073
541.0000	-0.010775	264.058
540.8000	-0.0107916	264.041
540.6000	-0.0108117	264.017
540.4000	-0.0108252	263.974
540.2000	-0.0108349	263.899
540.0000	-0.010843	263.832
539.8000	-0.0108608	263.815
539.6000	-0.0108811	263.8
539.4000	-0.0108971	263.782
539.2000	-0.0109127	263.712
539.0000	-0.0109278	263.635
538.8000	-0.0109478	263.563
538.6000	-0.0109696	263.528
538.4000	-0.0109905	263.488
538.2000	-0.0110054	263.441
538.0000	-0.0110174	263.348
537.8000	-0.0110342	263.244
537.6000	-0.0110527	263.174
537.4000	-0.0110683	263.131
537.2000	-0.0110833	263.088
537.0000	-0.0110928	263.045
536.8000	-0.0111047	262.959
536.6000	-0.0111226	262.873
536.4000	-0.0111414	262.81
536.2000	-0.0111539	262.776
536.0000	-0.0111643	262.743
535.8000	-0.0111788	262.683
535.6000	-0.0111922	262.598
535.4000	-0.0112036	262.512
535.2000	-0.0112195	262.458
535.0000	-0.0112371	262.42
534.8000	-0.011255	262.387
534.6000	-0.0112732	262.308
534.4000	-0.0112908	262.23
534.2000	-0.0113084	262.158
534.0000	-0.0113241	262.129
533.8000	-0.0113421	262.102
533.6000	-0.0113566	262.076
533.4000	-0.0113701	262.007
533.2000	-0.0113776	261.94
533.0000	-0.0113903	261.906
532.8000	-0.011405	261.885
532.6000	-0.0114226	261.861
532.4000	-0.0114355	261.818
532.2000	-0.0114516	261.744
532.0000	-0.0114663	261.665
531.8000	-0.0114845	261.618
531.6000	-0.0115045	261.586
531.4000	-0.011524	261.546
531.2000	-0.0115454	261.462
531.0000	-0.0115622	261.377
530.8000	-0.0115811	261.289
530.6000	-0.0115963	261.249
530.4000	-0.011615	261.21
530.2000	-0.0116372	261.149
530.0000	-0.0116638	261.062
529.8000	-0.0116866	260.977
529.6000	-0.0117087	260.923
529.4000	-0.0117286	260.89
529.2000	-0.0117452	260.84
529.0000	-0.0117694	260.761
528.8000	-0.0117955	260.689
528.6000	-0.0118191	260.628
528.4000	-0.0118351	260.605
528.2000	-0.0118482	260.582
528.0000	-0.0118623	260.52
527.8000	-0.0118795	260.45
527.6000	-0.0118971	260.388
527.4000	-0.0119079	260.367
527.2000	-0.0119147	260.344
527.0000	-0.0119265	260.295
526.8000	-0.0119451	260.22
526.6000	-0.0119683	260.145
526.4000	-0.0119976	260.094
526.2000	-0.0120201	260.064
526.0000	-0.0120417	260.017
525.8000	-0.012067	259.94
525.6000	-0.0120926	259.863
525.4000	-0.0121224	259.795
525.2000	-0.0121422	259.767
525.0000	-0.0121571	259.739
524.8000	-0.0121755	259.677
524.6000	-0.0121931	259.616
524.4000	-0.0122118	259.561
524.2000	-0.0122302	259.546
524.0000	-0.012252	259.527
523.8000	-0.012269	259.459
523.6000	-0.0122911	259.386
523.4000	-0.0123106	259.313
523.2000	-0.0123285	259.266
523.0000	-0.0123436	259.233
522.8000	-0.0123613	259.157
522.6000	-0.0123772	259.08
522.4000	-0.0123967	259.007
522.2000	-0.0124152	258.959
522.0000	-0.0124338	258.936
521.8000	-0.012458	258.865
521.6000	-0.0124848	258.797
521.4000	-0.012506	258.723
521.2000	-0.0125281	258.674
521.0000	-0.0125546	258.644
520.8000	-0.0125812	258.571
520.6000	-0.0126041	258.498
520.4000	-0.0126258	258.427
520.2000	-0.0126418	258.39
520.0000	-0.0126507	258.368
519.8000	-0.0126701	258.301
519.6000	-0.0126908	258.233
519.4000	-0.0127078	258.168
519.2000	-0.0127211	258.127
519.0000	-0.0127425	258.108
518.8000	-0.0127659	258.045
518.6000	-0.012788	257.977
518.4000	-0.0128147	257.905
518.2000	-0.0128427	257.868
518.0000	-0.0128655	257.844
517.8000	-0.0128895	257.774
517.6000	-0.012913	257.702
517.4000	-0.0129364	257.632
517.2000	-0.0129538	257.59
517.0000	-0.0129782	257.559
516.8000	-0.0130006	257.493
516.6000	-0.0130191	257.417
516.4000	-0.0130421	257.345
516.2000	-0.0130629	257.299
516.0000	-0.0130819	257.264
515.8000	-0.0130992	257.19
515.6000	-0.013116	257.107
515.4000	-0.0131305	257.028
515.2000	-0.013148	256.977
515.0000	-0.0131728	256.927
514.8000	-0.0131937	256.849
514.6000	-0.0132156	256.778
514.4000	-0.0132434	256.714
514.2000	-0.0132719	256.675
514.0000	-0.0132968	256.64
513.8000	-0.0133255	256.585
513.6000	-0.0133508	256.524
513.4000	-0.0133685	256.47
513.2000	-0.0133862	256.457
513.0000	-0.0134135	256.404
512.8000	-0.0134373	256.35
512.6000	-0.0134564	256.294
512.4000	-0.0134772	256.246
512.2000	-0.0135034	256.216
512.0000	-0.0135285	256.165
511.8000	-0.0135523	256.115
511.6000	-0.0135809	256.061
511.4000	-0.0136039	256.034
511.2000	-0.0136223	256.003
511.0000	-0.0136407	255.945
510.8000	-0.0136654	255.886
510.6000	-0.0136914	255.831
510.4000	-0.0137142	255.807
510.2000	-0.0137408	255.749
510.0000	-0.013769	255.683
509.8000	-0.0137908	255.625
509.6000	-0.0138108	255.566
509.4000	-0.0138361	255.528
509.2000	-0.0138665	255.466
509.0000	-0.013894	255.404
508.8000	-0.0139181	255.343
508.6000	-0.0139378	255.306
508.4000	-0.0139613	255.247
508.2000	-0.0139867	255.177
508.0000	-0.0140146	255.106
507.8000	-0.0140367	255.039
507.6000	-0.0140577	254.991
507.4000	-0.0140807	254.918
507.2000	-0.0141018	254.845
507.0000	-0.0141252	254.771
506.8000	-0.0141515	254.724
506.6000	-0.0141759	254.648
506.4000	-0.0141994	254.575
506.2000	-0.0142318	254.497
506.0000	-0.0142598	254.421
505.8000	-0.0142804	254.365
505.6000	-0.0142981	254.283
505.4000	-0.0143189	254.198
505.2000	-0.0143382	254.114
505.0000	-0.0143515	254.056
504.8000	-0.0143679	253.98
504.6000	-0.0143842	253.908
504.4000	-0.0144034	253.842
504.2000	-0.0144282	253.776
504.0000	-0.0144549	253.706
503.8000	-0.0144822	253.65
503.6000	-0.0145056	253.593
503.4000	-0.0145263	253.548
503.2000	-0.0145493	253.513
503.0000	-0.0145692	253.472
502.8000	-0.0145917	253.437
502.6000	-0.0146137	253.403
502.4000	-0.0146272	253.399
502.2000	-0.0146369	253.38
502.0000	-0.0146534	253.355
501.8000	-0.0146777	253.336
501.6000	-0.0146983	253.312
501.4000	-0.0147247	253.284
501.2000	-0.0147457	253.249
501.0000	-0.0147662	253.213
500.8000	-0.014791	253.178
500.6000	-0.0148255	253.146
500.4000	-0.0148539	253.106
500.2000	-0.0148751	253.055
500.0000	-0.0149004	253.003
499.8000	-0.0149241	252.962
499.6000	-0.0149445	252.907
499.4000	-0.0149663	252.857
499.2000	-0.0149886	252.803
499.0000	-0.0150081	252.734
498.8000	-0.0150265	252.665
498.6000	-0.0150542	252.602
498.4000	-0.0150831	252.538
498.2000	-0.0151069	252.471
498.0000	-0.0151265	252.407
497.8000	-0.015145	252.333
497.6000	-0.0151602	252.254
497.4000	-0.0151781	252.175
497.2000	-0.0152077	252.083
497.0000	-0.0152336	251.986
496.8000	-0.0152573	251.875
496.6000	-0.0152799	251.758
496.4000	-0.0153105	251.618
496.2000	-0.015342	251.477
496.0000	-0.0153727	251.329
495.8000	-0.0154073	251.162
495.6000	-0.0154303	250.978
495.4000	-0.0154525	250.802
495.2000	-0.0154697	250.611
495.0000	-0.0154858	250.404
494.8000	-0.0155007	250.167
494.6000	-0.0155203	249.926
494.4000	-0.0155467	249.668
494.2000	-0.0155736	249.399
494.0000	-0.0156029	249.119
493.8000	-0.0156247	248.837
493.6000	-0.0156527	248.56
493.4000	-0.0156864	248.301
493.2000	-0.0157154	248.055
493.0000	-0.0157467	247.855
492.8000	-0.0157694	247.703
492.6000	-0.015787	247.599
492.4000	-0.0158009	247.53
492.2000	-0.0158203	247.54
492.0000	-0.0158398	247.611
491.8000	-0.0158582	247.735
491.6000	-0.0158842	247.902
491.4000	-0.0158996	248.133
491.2000	-0.015916	248.395
491.0000	-0.0159377	248.676
490.8000	-0.0159638	248.959
490.6000	-0.0159946	249.243
490.4000	-0.0160213	249.51
490.2000	-0.016042	249.734
490.0000	-0.0160604	249.923
489.8000	-0.0160885	250.09
489.6000	-0.0161179	250.214
489.4000	-0.0161453	250.29
489.2000	-0.0161739	250.338
489.0000	-0.0161936	250.377
488.8000	-0.0162106	250.403
488.6000	-0.0162358	250.405
488.4000	-0.0162611	250.404
488.2000	-0.0162829	250.388
488.0000	-0.0163039	250.366
487.8000	-0.0163272	250.308
487.6000	-0.0163457	250.258
487.4000	-0.0163691	250.196
487.2000	-0.016397	250.109
487.0000	-0.0164274	249.971
486.8000	-0.0164572	249.848
486.6000	-0.0164854	249.707
486.4000	-0.0165153	249.528
486.2000	-0.016543	249.33
486.0000	-0.0165717	249.121
485.8000	-0.0166013	248.895
485.6000	-0.0166328	248.624
485.4000	-0.0166612	248.361
485.2000	-0.0166902	248.105
485.0000	-0.0167185	247.849
484.8000	-0.0167458	247.553
484.6000	-0.0167778	247.287
484.4000	-0.0168106	247.038
484.2000	-0.0168446	246.781
484.0000	-0.0168726	246.541
483.8000	-0.0169017	246.333
483.6000	-0.0169282	246.134
483.4000	-0.0169581	245.912
483.2000	-0.0169848	245.731
483.0000	-0.0170099	245.592
482.8000	-0.0170318	245.473
482.6000	-0.01706	245.351
482.4000	-0.0170936	245.276
482.2000	-0.0171197	245.238
482.0000	-0.0171496	245.225
481.8000	-0.0171759	245.264
481.6000	-0.0172034	245.36
481.4000	-0.0172324	245.499
481.2000	-0.0172619	245.645
481.0000	-0.0172839	245.847
480.8000	-0.0172939	246.107
480.6000	-0.0173124	246.373
480.4000	-0.0173342	246.621
480.2000	-0.01736	246.899
480.0000	-0.0173827	247.162
479.8000	-0.0174012	247.38
479.6000	-0.0174226	247.583
479.4000	-0.0174474	247.769
479.2000	-0.0174748	247.9
479.0000	-0.0175045	247.977
478.8000	-0.0175249	248.05
478.6000	-0.0175477	248.094
478.4000	-0.0175758	248.076
478.2000	-0.0176088	248.047
478.0000	-0.0176375	248.003
477.8000	-0.017661	247.923
477.6000	-0.0176961	247.803
477.4000	-0.0177267	247.692
477.2000	-0.0177605	247.554
477.0000	-0.0177926	247.367
476.8000	-0.0178189	247.166
476.6000	-0.0178476	246.945
476.4000	-0.0178836	246.643
476.2000	-0.0179286	246.294
476.0000	-0.0179619	245.915
475.8000	-0.0179949	245.461
475.6000	-0.0180312	244.935
475.4000	-0.0180709	244.383
475.2000	-0.0181114	243.795
475.0000	-0.0181507	243.157
474.8000	-0.0181878	242.537
474.6000	-0.0182221	241.961
474.4000	-0.0182572	241.429
474.2000	-0.0182952	240.978
474.0000	-0.0183329	240.649
473.8000	-0.0183716	240.406
473.6000	-0.0184032	240.255
473.4000	-0.0184369	240.233
473.2000	-0.0184627	240.313
473.0000	-0.0184867	240.437
472.8000	-0.018505	240.606
472.6000	-0.0185208	240.802
472.4000	-0.0185334	240.951
472.2000	-0.0185482	241.069
472.0000	-0.0185686	241.142
471.8000	-0.0185909	241.133
471.6000	-0.0186159	241.029
471.4000	-0.0186451	240.87
471.2000	-0.0186769	240.633
471.0000	-0.0187139	240.326
470.8000	-0.0187504	239.993
470.6000	-0.0187865	239.636
470.4000	-0.01882	239.23
470.2000	-0.0188586	238.815
470.0000	-0.0188937	238.429
469.8000	-0.0189324	238.021
469.6000	-0.0189702	237.629
469.4000	-0.019004	237.291
469.2000	-0.0190408	236.958
469.0000	-0.0190775	236.665
468.8000	-0.0191135	236.456
468.6000	-0.0191499	236.314
468.4000	-0.0191821	236.229
468.2000	-0.0192082	236.246
468.0000	-0.019233	236.35
467.8000	-0.0192585	236.522
467.6000	-0.0192851	236.789
467.4000	-0.0193093	237.126
467.2000	-0.0193294	237.504
467.0000	-0.0193498	237.93
466.8000	-0.0193658	238.405
466.6000	-0.0193837	238.852
466.4000	-0.0194002	239.294
466.2000	-0.0194204	239.728
466.0000	-0.0194411	240.086
465.8000	-0.0194601	240.399
465.6000	-0.0194789	240.673
465.4000	-0.0195017	240.847
465.2000	-0.0195225	240.964
465.0000	-0.0195485	241.045
464.8000	-0.0195797	241.052
464.6000	-0.0196071	241.012
464.4000	-0.019634	240.963
464.2000	-0.0196635	240.877
464.0000	-0.0196983	240.78
463.8000	-0.0197264	240.705
463.6000	-0.0197525	240.622
463.4000	-0.019786	240.557
463.2000	-0.0198102	240.543
463.0000	-0.0198377	240.542
462.8000	-0.0198686	240.582
462.6000	-0.0198956	240.679
462.4000	-0.019921	240.799
462.2000	-0.0199516	240.956
462.0000	-0.0199819	241.164
461.8000	-0.020013	241.379
461.6000	-0.020042	241.6
461.4000	-0.0200715	241.847
461.2000	-0.0200948	242.079
461.0000	-0.0201259	242.291
460.8000	-0.0201571	242.51
460.6000	-0.0201886	242.677
460.4000	-0.0202167	242.812
460.2000	-0.0202469	242.921
460.0000	-0.0202788	242.994
459.8000	-0.0203116	243.035
459.6000	-0.0203457	243.047
459.4000	-0.0203813	243.034
459.2000	-0.0204149	243.004
459.0000	-0.0204471	242.968
458.8000	-0.0204801	242.929
458.6000	-0.0205141	242.9
458.4000	-0.0205472	242.899
458.2000	-0.0205835	242.898
458.0000	-0.0206241	242.931
457.8000	-0.0206652	242.992
457.6000	-0.0206971	243.073
457.4000	-0.0207285	243.184
457.2000	-0.0207595	243.315
457.0000	-0.0207929	243.453
456.8000	-0.0208284	243.602
456.6000	-0.0208619	243.755
456.4000	-0.0208966	243.902
456.2000	-0.0209229	244.044
456.0000	-0.0209549	244.173
455.8000	-0.0209916	244.289
455.6000	-0.0210294	244.395
455.4000	-0.0210652	244.474
455.2000	-0.0211001	244.532
455.0000	-0.0211332	244.557
454.8000	-0.0211627	244.556
454.6000	-0.0211955	244.523
454.4000	-0.0212314	244.442
454.2000	-0.0212684	244.317
454.0000	-0.0213113	244.146
453.8000	-0.0213554	243.95
453.6000	-0.0213986	243.734
453.4000	-0.0214418	243.51
453.2000	-0.0214841	243.281
453.0000	-0.021528	243.056
452.8000	-0.0215683	242.827
452.6000	-0.0216107	242.617
452.4000	-0.0216546	242.406
452.2000	-0.021696	242.203
452.0000	-0.0217382	242
451.8000	-0.0217829	241.783
451.6000	-0.0218287	241.565
451.4000	-0.0218748	241.357
451.2000	-0.0219216	241.162
451.0000	-0.0219675	241.026
450.8000	-0.0220035	240.954
450.6000	-0.02204	240.946
450.4000	-0.0220707	241.025
450.2000	-0.0220974	241.186
450.0000	-0.0221223	241.439
449.8000	-0.0221474	241.774
449.6000	-0.0221733	242.163
449.4000	-0.0222023	242.598
449.2000	-0.0222267	243.046
449.0000	-0.0222482	243.473
448.8000	-0.0222735	243.884
448.6000	-0.022304	244.234
448.4000	-0.0223355	244.549
448.2000	-0.0223665	244.811
448.0000	-0.0223967	244.998
447.8000	-0.0224244	245.144
447.6000	-0.0224534	245.228
447.4000	-0.0224881	245.279
447.2000	-0.0225184	245.311
447.0000	-0.0225527	245.309
446.8000	-0.0225839	245.314
446.6000	-0.022619	245.292
446.4000	-0.0226475	245.27
446.2000	-0.0226797	245.254
446.0000	-0.0227133	245.206
445.8000	-0.0227482	245.184
445.6000	-0.0227896	245.14
445.4000	-0.0228203	245.105
445.2000	-0.0228522	245.076
445.0000	-0.0228808	245.023
444.8000	-0.0229112	245
444.6000	-0.0229447	244.964
444.4000	-0.0229798	244.936
444.2000	-0.0230128	244.915
444.0000	-0.0230397	244.877
443.8000	-0.0230688	244.863
443.6000	-0.0231032	244.834
443.4000	-0.0231397	244.803
443.2000	-0.0231804	244.784
443.0000	-0.0232181	244.735
442.8000	-0.0232573	244.717
442.6000	-0.0232928	244.685
442.4000	-0.0233321	244.654
442.2000	-0.0233705	244.636
442.0000	-0.023409	244.593
441.8000	-0.0234445	244.579
441.6000	-0.0234774	244.549
441.4000	-0.0235111	244.521
441.2000	-0.023544	244.504
441.0000	-0.0235739	244.465
440.8000	-0.0236051	244.449
440.6000	-0.023642	244.413
440.4000	-0.0236776	244.372
440.2000	-0.0237155	244.323
440.0000	-0.0237519	244.261
439.8000	-0.0237902	244.219
439.6000	-0.0238306	244.144
439.4000	-0.0238739	244.077
439.2000	-0.0239192	244.007
439.0000	-0.0239584	243.932
438.8000	-0.0239985	243.889
438.6000	-0.024042	243.842
438.4000	-0.0240837	243.829
438.2000	-0.0241316	243.809
438.0000	-0.0241683	243.819
437.8000	-0.0242057	243.85
437.6000	-0.0242406	243.89
437.4000	-0.0242776	243.969
437.2000	-0.0243215	244.038
437.0000	-0.024355	244.124
436.8000	-0.0243911	244.2
436.6000	-0.0244242	244.291
436.4000	-0.024462	244.38
436.2000	-0.0245054	244.451
436.0000	-0.0245505	244.523
435.8000	-0.0245934	244.571
435.6000	-0.0246286	244.623
435.4000	-0.0246727	244.658
435.2000	-0.024716	244.699
435.0000	-0.0247613	244.72
434.8000	-0.0248001	244.737
434.6000	-0.0248395	244.767
434.4000	-0.0248776	244.783
434.2000	-0.0249169	244.806
434.0000	-0.0249618	244.816
433.8000	-0.0249992	244.835
433.6000	-0.025035	244.836
433.4000	-0.0250735	244.852
433.2000	-0.0251117	244.851
433.0000	-0.0251555	244.843
432.8000	-0.0251978	244.843
432.6000	-0.0252425	244.835
432.4000	-0.0252849	244.83
432.2000	-0.025334	244.812
432.0000	-0.0253878	244.816
431.8000	-0.025434	244.798
431.6000	-0.0254798	244.795
431.4000	-0.0255252	244.783
431.2000	-0.0255688	244.774
431.0000	-0.0256166	244.759
430.8000	-0.0256564	244.751
430.6000	-0.0256979	244.757
430.4000	-0.0257341	244.75
430.2000	-0.025776	244.745
430.0000	-0.0258225	244.736
429.8000	-0.0258721	244.73
429.6000	-0.0259238	244.718
429.4000	-0.025969	244.721
429.2000	-0.0260149	244.708
429.0000	-0.0260572	244.693
428.8000	-0.0261015	244.678
428.6000	-0.0261489	244.665
428.4000	-0.0261938	244.651
428.2000	-0.0262416	244.637
428.0000	-0.0262839	244.626
427.8000	-0.0263274	244.612
427.6000	-0.0263694	244.591
427.4000	-0.0264141	244.581
427.2000	-0.0264638	244.571
427.0000	-0.0265132	244.554
426.8000	-0.0265578	244.546
426.6000	-0.0265989	244.541
426.4000	-0.0266409	244.531
426.2000	-0.0266847	244.521
426.0000	-0.0267248	244.522
425.8000	-0.0267663	244.515
425.6000	-0.0268069	244.49
425.4000	-0.0268467	244.475
425.2000	-0.0268879	244.455
425.0000	-0.0269269	244.43
424.8000	-0.0269663	244.406
424.6000	-0.0270079	244.386
424.4000	-0.0270525	244.351
424.2000	-0.0271066	244.326
424.0000	-0.0271581	244.297
423.8000	-0.0272111	244.282
423.6000	-0.0272626	244.258
423.4000	-0.0273117	244.244
423.2000	-0.0273595	244.217
423.0000	-0.0274038	244.188
422.8000	-0.0274466	244.151
422.6000	-0.0274926	244.111
422.4000	-0.0275374	244.059
422.2000	-0.0275773	244.005
422.0000	-0.027613	243.933
421.8000	-0.0276551	243.854
421.6000	-0.0276987	243.757
421.4000	-0.0277436	243.666
421.2000	-0.027793	243.565
421.0000	-0.0278376	243.469
420.8000	-0.0278813	243.364
420.6000	-0.0279279	243.275
420.4000	-0.027977	243.186
420.2000	-0.0280226	243.124
420.0000	-0.0280694	243.073
419.8000	-0.0281172	243.047
419.6000	-0.0281644	243.042
419.4000	-0.0282106	243.066
419.2000	-0.0282571	243.11
419.0000	-0.0283035	243.189
418.8000	-0.0283483	243.26
418.6000	-0.0283951	243.365
418.4000	-0.0284439	243.463
418.2000	-0.0284867	243.59
418.0000	-0.0285311	243.689
417.8000	-0.0285772	243.798
417.6000	-0.0286227	243.887
417.4000	-0.0286663	243.973
417.2000	-0.0287107	244.046
417.0000	-0.0287564	244.106
416.8000	-0.0288038	244.151
416.6000	-0.0288496	244.185
416.4000	-0.0288965	244.208
416.2000	-0.0289457	244.23
416.0000	-0.0289916	244.244
415.8000	-0.02904	244.25
415.6000	-0.0290897	244.255
415.4000	-0.0291411	244.24
415.2000	-0.0291888	244.245
415.0000	-0.0292348	244.226
414.8000	-0.0292849	244.22
414.6000	-0.0293336	244.199
414.4000	-0.029378	244.183
414.2000	-0.0294309	244.156
414.0000	-0.029482	244.145
413.8000	-0.0295297	244.13
413.6000	-0.0295823	244.101
413.4000	-0.0296374	244.083
413.2000	-0.0296901	244.059
413.0000	-0.0297348	244.047
412.8000	-0.0297852	244.024
412.6000	-0.0298344	244.018
412.4000	-0.0298793	244.006
412.2000	-0.0299277	244.008
412.0000	-0.0299795	244.021
411.8000	-0.0300275	244.03
411.6000	-0.0300766	244.055
411.4000	-0.0301274	244.078
411.2000	-0.0301786	244.107
411.0000	-0.030226	244.142
410.8000	-0.030277	244.176
410.6000	-0.0303259	244.205
410.4000	-0.0303724	244.237
410.2000	-0.0304205	244.276
410.0000	-0.0304745	244.309
409.8000	-0.0305288	244.338
409.6000	-0.0305846	244.366
409.4000	-0.0306422	244.401
409.2000	-0.0307016	244.429
409.0000	-0.0307598	244.468
408.8000	-0.030816	244.52
408.6000	-0.0308723	244.559
408.4000	-0.03092	244.602
408.2000	-0.0309703	244.64
408.0000	-0.0310208	244.682
407.8000	-0.0310725	244.728
407.6000	-0.0311231	244.771
407.4000	-0.031171	244.817
407.2000	-0.0312198	244.849
407.0000	-0.0312651	244.886
406.8000	-0.0313195	244.923
406.6000	-0.0313746	244.958
406.4000	-0.0314295	244.996
406.2000	-0.0314804	245.031
406.0000	-0.0315299	245.077
405.8000	-0.0315783	245.119
405.6000	-0.0316312	245.16
405.4000	-0.0316892	245.198
405.2000	-0.0317425	245.242
405.0000	-0.0317944	245.279
404.8000	-0.0318485	245.324
404.6000	-0.0319079	245.37
404.4000	-0.0319633	245.404
404.2000	-0.0320226	245.44
404.0000	-0.0320837	245.468
403.8000	-0.0321429	245.497
403.6000	-0.0322044	245.535
403.4000	-0.0322684	245.581
403.2000	-0.0323257	245.625
403.0000	-0.03238	245.653
402.8000	-0.0324373	245.683
402.6000	-0.0324972	245.708
402.4000	-0.0325529	245.735
402.2000	-0.0326083	245.758
402.0000	-0.0326633	245.779
401.8000	-0.0327163	245.787
401.6000	-0.0327673	245.796
401.4000	-0.0328213	245.801
401.2000	-0.0328745	245.797
401.0000	-0.0329264	245.801
400.8000	-0.0329772	245.8
400.6000	-0.0330249	245.799
400.4000	-0.0330802	245.802
400.2000	-0.0331366	245.793
400.0000	-0.0331973	245.796
399.8000	-0.0332569	245.806
399.6000	-0.0333174	245.825
399.4000	-0.0333815	245.85
399.2000	-0.0334392	245.87
399.0000	-0.033497	245.896
398.8000	-0.0335567	245.931
398.6000	-0.0336135	245.969
398.4000	-0.0336644	246.016
398.2000	-0.0337219	246.078
398.0000	-0.0337806	246.132
397.8000	-0.0338297	246.208
397.6000	-0.0338887	246.301
397.4000	-0.033952	246.399
397.2000	-0.0340114	246.517
397.0000	-0.0340698	246.648
396.8000	-0.0341311	246.782
396.6000	-0.0341889	246.928
396.4000	-0.0342471	247.088
396.2000	-0.0343059	247.247
396.0000	-0.0343603	247.426
395.8000	-0.0344137	247.611
395.6000	-0.0344684	247.799
395.4000	-0.0345204	248.003
395.2000	-0.0345683	248.211
395.0000	-0.034617	248.42
394.8000	-0.034667	248.634
394.6000	-0.0347218	248.853
394.4000	-0.0347819	249.069
394.2000	-0.0348386	249.279
394.0000	-0.0348922	249.495
393.8000	-0.034944	249.716
393.6000	-0.0349999	249.937
393.4000	-0.0350576	250.171
393.2000	-0.0351094	250.409
393.0000	-0.0351561	250.654
392.8000	-0.0351965	250.91
392.6000	-0.0352421	251.188
392.4000	-0.0352899	251.457
392.2000	-0.0353401	251.74
392.0000	-0.0353919	252.021
391.8000	-0.035437	252.302
391.6000	-0.0354861	252.588
391.4000	-0.0355343	252.892
391.2000	-0.0355883	253.206
391.0000	-0.035643	253.52
390.8000	-0.0356875	253.854
390.6000	-0.0357339	254.192
390.4000	-0.0357808	254.551
390.2000	-0.0358331	254.918
390.0000	-0.0358843	255.307
389.8000	-0.0359399	255.712
389.6000	-0.0359928	256.121
389.4000	-0.0360405	256.537
389.2000	-0.0360911	256.966
389.0000	-0.0361406	257.419
388.8000	-0.036186	257.883
388.6000	-0.0362276	258.369
388.4000	-0.0362663	258.86
388.2000	-0.0363041	259.374
388.0000	-0.0363469	259.892
387.8000	-0.0363877	260.434
387.6000	-0.0364305	260.981
387.4000	-0.0364761	261.545
387.2000	-0.0365195	262.122
387.0000	-0.0365642	262.719
386.8000	-0.0366055	263.341
386.6000	-0.036651	263.976
386.4000	-0.0366902	264.622
386.2000	-0.0367317	265.289
386.0000	-0.0367718	265.979
385.8000	-0.036809	266.706
385.6000	-0.0368499	267.446
385.4000	-0.0368883	268.202
385.2000	-0.036929	268.979
385.0000	-0.0369705	269.786
384.8000	-0.037007	270.619
384.6000	-0.0370428	271.472
384.4000	-0.0370799	272.371
384.2000	-0.0371136	273.302
384.0000	-0.0371443	274.256
383.8000	-0.0371742	275.239
383.6000	-0.0372067	276.261
383.4000	-0.0372315	277.321
383.2000	-0.0372579	278.413
383.0000	-0.0372862	279.543
382.8000	-0.0373207	280.706
382.6000	-0.0373562	281.897
382.4000	-0.0373934	283.127
382.2000	-0.0374309	284.407
382.0000	-0.0374645	285.711
381.8000	-0.0374966	287.052
381.6000	-0.0375313	288.436
381.4000	-0.0375655	289.869
381.2000	-0.0375925	291.338
381.0000	-0.0376095	292.848
380.8000	-0.0376262	294.418
380.6000	-0.0376432	296.045
380.4000	-0.0376659	297.742
380.2000	-0.0376875	299.492
380.0000	-0.037702	301.284
379.8000	-0.0377179	303.141
379.6000	-0.0377341	305.093
379.4000	-0.0377518	307.114
379.2000	-0.0377691	309.202
379.0000	-0.0377809	311.343
378.8000	-0.037793	313.533
378.6000	-0.0378068	315.791
378.4000	-0.0378315	318.158
378.2000	-0.0378556	320.592
378.0000	-0.0378762	323.083
377.8000	-0.0378892	325.646
377.6000	-0.0379077	328.28
377.4000	-0.0379364	330.992
377.2000	-0.0379582	333.809
377.0000	-0.0379739	336.717
376.8000	-0.0379895	339.718
376.6000	-0.0380094	342.824
376.4000	-0.0380224	346.025
376.2000	-0.0380525	349.298
376.0000	-0.0380777	352.676
375.8000	-0.0380912	356.146
375.6000	-0.0381095	359.694
375.4000	-0.0381221	363.323
375.2000	-0.0381432	367.042
375.0000	-0.0381646	370.842
374.8000	-0.0381827	374.755
374.6000	-0.0382036	378.8
374.4000	-0.0382214	382.97
374.2000	-0.0382506	387.256
374.0000	-0.0382704	391.679
373.8000	-0.0383053	396.267
373.6000	-0.0383338	400.999
373.4000	-0.0383552	405.877
373.2000	-0.0383788	410.876
373.0000	-0.0384085	415.985
372.8000	-0.038445	421.238
372.6000	-0.0384783	426.605
372.4000	-0.0385225	432.088
372.2000	-0.0385746	437.683
372.0000	-0.0386116	443.351
371.8000	-0.0386645	449.132
371.6000	-0.0387268	455.027
371.4000	-0.038805	461.051
371.2000	-0.0388838	467.174
371.0000	-0.0389738	473.455
370.8000	-0.039065	479.903
370.6000	-0.0391722	486.498
370.4000	-0.0392757	493.282
370.2000	-0.0394099	500.26
370.0000	-0.0395619	507.39
369.8000	-0.0397102	514.651
369.6000	-0.0398775	522.076
369.4000	-0.0400569	529.643
369.2000	-0.0402481	537.332
369.0000	-0.0404338	545.143
368.8000	-0.0407027	553.082
368.6000	-0.0410057	561.14
368.4000	-0.0412888	569.266
368.2000	-0.0416128	577.569
368.0000	-0.0419857	586.006
367.8000	-0.0424236	594.535
367.6000	-0.0429449	603.133
367.4000	-0.0435115	611.791
367.2000	-0.0440783	620.503
367.0000	-0.0447109	629.209
366.8000	-0.0454692	637.914
366.6000	-0.0463117	646.614
366.4000	-0.0472395	655.271
366.2000	-0.0482696	663.84
366.0000	-0.0493307	672.334
365.8000	-0.0504194	680.721
365.6000	-0.051662	688.979
365.4000	-0.0530008	697.077
365.2000	-0.0543594	705.006
365.0000	-0.0558016	712.712
364.8000	-0.0573077	720.144
364.6000	-0.0588845	727.312
364.4000	-0.0605682	734.218
364.2000	-0.0623523	740.84
364.0000	-0.0641393	747.16
363.8000	-0.0659924	753.166
363.6000	-0.0679344	758.86
363.4000	-0.0698971	764.233
363.2000	-0.0719023	769.306
363.0000	-0.0738532	774.051
362.8000	-0.0756723	778.467
362.6000	-0.0773113	782.558
362.4000	-0.0790078	786.31
362.2000	-0.0806279	789.77
362.0000	-0.0819865	792.933
361.8000	-0.0833644	795.811
361.6000	-0.0846614	798.418
361.4000	-0.0859073	800.827
361.2000	-0.0870551	803.02
361.0000	-0.0882528	804.973
360.8000	-0.0893838	806.747
360.6000	-0.0903825	808.343
360.4000	-0.0913613	809.801
360.2000	-0.092271	811.131
360.0000	-0.0929878	812.344
359.8000	-0.0935734	813.4
359.6000	-0.094104	814.362
359.4000	-0.094616	815.228
359.2000	-0.0952776	816.022
359.0000	-0.0957436	816.712
358.8000	-0.096176	817.319
358.6000	-0.0965043	817.869
358.4000	-0.096749	818.339
358.2000	-0.0970923	818.752
358.0000	-0.097542	819.102
357.8000	-0.0979858	819.411
357.6000	-0.0981693	819.682
357.4000	-0.0983608	819.909
357.2000	-0.098647	820.118
357.0000	-0.0990519	820.304
356.8000	-0.0993655	820.45
356.6000	-0.0996177	820.561
356.4000	-0.0997815	820.663
356.2000	-0.0998974	820.734
356.0000	-0.0999895	820.798
355.8000	-0.100154	820.852
355.6000	-0.1003	820.924
355.4000	-0.100297	820.939
355.2000	-0.10024	820.932
355.0000	-0.10035	820.943
354.8000	-0.100459	820.932
354.6000	-0.100482	820.915
354.4000	-0.100475	820.87
354.2000	-0.10045	820.822
354.0000	-0.10046	820.781
353.8000	-0.100495	820.73
353.6000	-0.100595	820.689
353.4000	-0.100738	820.646
353.2000	-0.100799	820.605
353.0000	-0.100872	820.537
352.8000	-0.100919	820.486
352.6000	-0.100919	820.443
352.4000	-0.100779	820.382
352.2000	-0.100792	820.292
352.0000	-0.100814	820.239
351.8000	-0.100682	820.165
351.6000	-0.100446	820.084
351.4000	-0.10033	820.039
351.2000	-0.100319	819.972
351.0000	-0.100285	819.89
350.8000	-0.100405	819.821
350.6000	-0.100403	819.756
350.4000	-0.10022	819.686
350.2000	-0.100248	819.591
350.0000	-0.100199	819.536
