750.0000	9.87549E-006	336.664
749.8000	8.99353E-006	336.614
749.6000	1.00952E-005	336.568
749.4000	1.26038E-005	336.522
749.2000	1.06873E-005	336.477
749.0000	1.08551E-005	336.433
748.8000	2.77313E-005	336.387
748.6000	3.53821E-005	336.33
748.4000	2.99805E-005	336.257
748.2000	2.25952E-005	336.107
748.0000	2.31171E-005	335.883
747.8000	2.99347E-005	335.652
747.6000	2.90588E-005	335.41
747.4000	2.35504E-005	335.15
747.2000	1.31378E-005	334.885
747.0000	7.20825E-006	334.615
746.8000	1.34369E-005	334.34
746.6000	2.17133E-005	334.078
746.4000	2.70508E-005	333.917
746.2000	2.87933E-005	333.755
746.0000	2.37579E-005	333.583
745.8000	2.97882E-005	333.415
745.6000	3.17596E-005	333.231
745.4000	3.31146E-005	333.031
745.2000	2.62421E-005	332.835
745.0000	1.53046E-005	332.649
744.8000	1.79749E-006	332.48
744.6000	-5.64575E-007	332.32
744.4000	6.09131E-006	332.161
744.2000	7.16553E-006	332.002
744.0000	9.85718E-006	331.849
743.8000	8.27026E-006	331.705
743.6000	1.00403E-005	331.566
743.4000	9.76868E-006	331.433
743.2000	1.80542E-005	331.232
743.0000	1.59607E-005	330.942
742.8000	-2.13623E-007	330.655
742.6000	-1.0376E-005	330.386
742.4000	-1.79047E-005	330.135
742.2000	-2.53326E-005	329.9
742.0000	-2.17316E-005	329.679
741.8000	-1.61072E-005	329.463
741.6000	-1.7041E-005	329.272
741.4000	-2.27448E-005	329.214
741.2000	-2.15576E-005	329.168
741.0000	-1.79199E-005	329.124
740.8000	-1.53839E-005	329.083
740.6000	-1.0788E-005	329.042
740.4000	-1.04004E-005	329.001
740.2000	-1.37085E-005	328.96
740.0000	-1.44623E-005	328.915
739.8000	-1.10535E-005	328.87
739.6000	-9.20105E-006	328.816
739.4000	-9.58862E-006	328.75
739.2000	-9.47876E-006	328.661
739.0000	-7.56226E-006	328.555
738.8000	-1.49536E-006	328.438
738.6000	-8.36182E-007	328.3
738.4000	1.35193E-006	328.085
738.2000	1.08948E-006	327.772
738.0000	3.98865E-006	327.437
737.8000	8.38623E-006	327.087
737.6000	1.7926E-005	326.729
737.4000	1.84204E-005	326.363
737.2000	2.33063E-005	325.965
737.0000	2.06299E-005	325.541
736.8000	2.05017E-005	325.103
736.6000	2.26593E-005	324.76
736.4000	2.45972E-005	324.409
736.2000	2.65381E-005	324.051
736.0000	2.97028E-005	323.689
735.8000	2.91901E-005	323.327
735.6000	2.24579E-005	322.989
735.4000	2.03125E-005	322.691
735.2000	2.01386E-005	322.442
735.0000	1.46454E-005	322.245
734.8000	4.87671E-006	322.09
734.6000	1.19934E-006	321.984
734.4000	-6.00891E-006	321.921
734.2000	-1.88263E-005	321.898
734.0000	-2.34711E-005	321.914
733.8000	-2.82196E-005	321.956
733.6000	-3.36761E-005	321.896
733.4000	-3.62793E-005	321.856
733.2000	-3.55255E-005	321.837
733.0000	-3.34564E-005	321.826
732.8000	-2.69104E-005	321.82
732.6000	-2.59399E-005	321.817
732.4000	-2.50793E-005	321.826
732.2000	-2.63824E-005	321.84
732.0000	-2.29553E-005	321.934
731.8000	-1.64337E-005	322.07
731.6000	-1.46362E-005	322.194
731.4000	-2.01965E-005	322.318
731.2000	-2.71973E-005	322.442
731.0000	-2.3941E-005	322.567
730.8000	-1.93176E-005	322.677
730.6000	-1.92352E-005	322.774
730.4000	-2.34802E-005	322.87
730.2000	-3.08777E-005	322.961
730.0000	-2.36694E-005	323.047
729.8000	-1.8277E-005	323.131
729.6000	-2.19757E-005	323.21
729.4000	-2.83325E-005	323.292
729.2000	-3.50098E-005	323.321
729.0000	-3.38928E-005	323.278
728.8000	-3.50769E-005	323.234
728.6000	-3.43079E-005	323.19
728.4000	-3.4137E-005	323.15
728.2000	-3.34839E-005	323.114
728.0000	-2.74475E-005	323.078
727.8000	-2.23419E-005	323.037
727.6000	-1.44348E-005	322.998
727.4000	-1.54968E-005	323.068
727.2000	-9.01794E-006	323.134
727.0000	2.70691E-006	323.19
726.8000	9.76563E-007	323.245
726.6000	-2.56653E-006	323.296
726.4000	-6.17065E-006	323.337
726.2000	-2.82288E-006	323.365
726.0000	-7.86743E-006	323.394
725.8000	-8.42895E-006	323.421
725.6000	-6.72302E-006	323.435
725.4000	-1.03149E-005	323.448
725.2000	-1.46576E-005	323.449
725.0000	-1.16943E-005	323.437
724.8000	-4.73328E-006	323.356
724.6000	-3.22266E-006	323.203
724.4000	-1.49536E-006	323.043
724.2000	2.97546E-006	322.871
724.0000	-1.93176E-006	322.691
723.8000	-5.4718E-006	322.497
723.6000	-4.12598E-006	322.299
723.4000	-6.08215E-006	322.095
723.2000	-8.85315E-006	321.905
723.0000	-1.521E-005	321.827
722.8000	-1.53107E-005	321.738
722.6000	-1.39709E-005	321.639
722.4000	-1.31439E-005	321.527
722.2000	-9.1156E-006	321.41
722.0000	-1.18744E-005	321.286
721.8000	-1.82312E-005	321.146
721.6000	-2.04193E-005	321.002
721.4000	-1.89819E-005	320.847
721.2000	-1.92719E-005	320.684
721.0000	-2.28912E-005	320.513
720.8000	-2.4173E-005	320.331
720.6000	-2.57111E-005	320.154
720.4000	-2.90771E-005	319.849
720.2000	-2.41302E-005	319.526
720.0000	-1.66748E-005	319.201
719.8000	-1.68793E-005	318.866
719.6000	-1.38092E-005	318.53
719.4000	-9.92126E-006	318.204
719.2000	-6.64673E-006	317.884
719.0000	-2.90222E-006	317.563
718.8000	5.52063E-006	317.311
718.6000	8.12073E-006	317.122
718.4000	1.1322E-006	316.941
718.2000	-1.52893E-006	316.762
718.0000	-4.6051E-006	316.585
717.8000	-1.18805E-005	316.406
717.6000	-1.9693E-005	316.236
717.4000	-2.25891E-005	316.073
717.2000	-2.48688E-005	315.918
717.0000	-2.84332E-005	315.769
716.8000	-2.8653E-005	315.619
716.6000	-2.89856E-005	315.468
716.4000	-3.22876E-005	315.262
716.2000	-4.04724E-005	314.987
716.0000	-4.00879E-005	314.715
715.8000	-3.56567E-005	314.445
715.6000	-4.36096E-005	314.185
715.4000	-4.70642E-005	313.934
715.2000	-4.4223E-005	313.689
715.0000	-3.97034E-005	313.452
714.8000	-3.26111E-005	313.255
714.6000	-2.72003E-005	313.175
714.4000	-2.72491E-005	313.108
714.2000	-3.17566E-005	313.056
714.0000	-2.88513E-005	313.018
713.8000	-2.4176E-005	312.992
713.6000	-2.46826E-005	312.986
713.4000	-2.54791E-005	312.998
713.2000	-3.2309E-005	313.014
713.0000	-3.77533E-005	313.045
712.8000	-3.68622E-005	313.091
712.6000	-2.90161E-005	313.148
712.4000	-2.58972E-005	313.21
712.2000	-2.68372E-005	313.178
712.0000	-2.94037E-005	313.152
711.8000	-2.95563E-005	313.127
711.6000	-2.64557E-005	313.1
711.4000	-2.5647E-005	313.081
711.2000	-2.36511E-005	313.065
711.0000	-2.67395E-005	313.05
710.8000	-2.12189E-005	313.037
710.6000	-1.72394E-005	313.094
710.4000	-1.18378E-005	313.19
710.2000	-1.54053E-005	313.285
710.0000	-1.89575E-005	313.385
709.8000	-2.0108E-005	313.481
709.6000	-1.54724E-005	313.57
709.4000	-9.94263E-006	313.657
709.2000	-1.18591E-005	313.736
709.0000	-1.36932E-005	313.814
708.8000	-1.81396E-005	313.877
708.6000	-1.20697E-005	313.936
708.4000	1.22375E-006	313.986
708.2000	3.4729E-006	313.924
708.0000	5.37415E-006	313.844
707.8000	4.98352E-006	313.757
707.6000	8.82263E-006	313.665
707.4000	9.00574E-006	313.565
707.2000	1.2146E-005	313.464
707.0000	1.46698E-005	313.352
706.8000	1.38611E-005	313.243
706.6000	1.89606E-005	313.196
706.4000	2.59521E-005	313.193
706.2000	2.83142E-005	313.188
706.0000	2.84912E-005	313.18
705.8000	3.07922E-005	313.165
705.6000	3.01788E-005	313.15
705.4000	3.03131E-005	313.135
705.2000	3.0307E-005	313.108
705.0000	2.15607E-005	313.081
704.8000	1.47919E-005	313.048
704.6000	1.26984E-005	313.013
704.4000	1.33942E-005	312.864
704.2000	8.39844E-006	312.708
704.0000	1.55975E-005	312.549
703.8000	2.33704E-005	312.384
703.6000	2.62299E-005	312.219
703.4000	2.98615E-005	312.055
703.2000	3.14697E-005	311.889
703.0000	3.24982E-005	311.711
702.8000	3.29987E-005	311.604
702.6000	3.78448E-005	311.54
702.4000	3.27942E-005	311.47
702.2000	2.67639E-005	311.401
702.0000	2.15546E-005	311.333
701.8000	1.82678E-005	311.267
701.6000	1.64856E-005	311.194
701.4000	2.17316E-005	311.128
701.2000	2.30438E-005	311.063
701.0000	1.77612E-005	310.993
700.8000	1.60858E-005	310.92
700.6000	1.64276E-005	310.735
700.4000	1.88446E-005	310.538
700.2000	2.20184E-005	310.335
700.0000	1.70959E-005	310.13
699.8000	1.51733E-005	309.933
699.6000	1.69403E-005	309.74
699.4000	1.30249E-005	309.541
699.2000	1.56921E-005	309.341
699.0000	1.59058E-005	309.213
698.8000	1.50726E-005	309.124
698.6000	1.8277E-005	309.024
698.4000	2.65137E-005	308.917
698.2000	3.38531E-005	308.805
698.0000	2.92877E-005	308.691
697.8000	2.82715E-005	308.575
697.6000	2.64038E-005	308.457
697.4000	2.71698E-005	308.336
697.2000	2.45361E-005	308.208
697.0000	2.31537E-005	308.031
696.8000	2.14661E-005	307.803
696.6000	2.00226E-005	307.57
696.4000	2.02209E-005	307.317
696.2000	2.09656E-005	307.057
696.0000	2.61719E-005	306.796
695.8000	2.77527E-005	306.524
695.6000	3.1308E-005	306.253
695.4000	3.33893E-005	306.003
695.2000	3.45795E-005	305.845
695.0000	3.29559E-005	305.682
694.8000	3.46191E-005	305.522
694.6000	3.96606E-005	305.363
694.4000	4.23706E-005	305.189
694.2000	4.88647E-005	305.016
694.0000	4.99939E-005	304.843
693.8000	4.70612E-005	304.674
693.6000	4.47266E-005	304.499
693.4000	4.72992E-005	304.277
693.2000	4.97986E-005	303.999
693.0000	4.65088E-005	303.724
692.8000	4.35974E-005	303.463
692.6000	3.66608E-005	303.212
692.4000	3.11157E-005	302.96
692.2000	3.07281E-005	302.706
692.0000	3.17047E-005	302.455
691.8000	3.28339E-005	302.224
691.6000	3.24127E-005	302.09
691.4000	2.80121E-005	301.956
691.2000	2.75452E-005	301.829
691.0000	2.68097E-005	301.71
690.8000	2.8064E-005	301.597
690.6000	3.08899E-005	301.49
690.4000	3.47015E-005	301.388
690.2000	2.85492E-005	301.295
690.0000	1.72668E-005	301.208
689.8000	1.67145E-005	301.027
689.6000	1.31866E-005	300.845
689.4000	1.49445E-005	300.666
689.2000	2.13776E-005	300.495
689.0000	2.42676E-005	300.33
688.8000	2.06818E-005	300.171
688.6000	2.54181E-005	300.016
688.4000	3.49548E-005	299.862
688.2000	4.0213E-005	299.778
688.0000	4.31885E-005	299.738
687.8000	4.21967E-005	299.697
687.6000	4.21753E-005	299.649
687.4000	3.61908E-005	299.594
687.2000	3.66608E-005	299.535
687.0000	3.99719E-005	299.473
686.8000	3.54462E-005	299.399
686.6000	3.56476E-005	299.316
686.4000	3.6853E-005	299.132
686.2000	3.90442E-005	298.928
686.0000	4.06342E-005	298.729
685.8000	4.5105E-005	298.538
685.6000	4.15375E-005	298.352
685.4000	4.18365E-005	298.166
685.2000	4.63318E-005	297.993
685.0000	4.54468E-005	297.833
684.8000	4.97681E-005	297.755
684.6000	5.40741E-005	297.741
684.4000	5.45319E-005	297.745
684.2000	5.60669E-005	297.767
684.0000	6.14441E-005	297.816
683.8000	6.23688E-005	297.882
683.6000	5.44128E-005	297.976
683.4000	5.21515E-005	298.103
683.2000	4.95697E-005	298.251
683.0000	4.39331E-005	298.333
682.8000	5.12238E-005	298.418
682.6000	5.18555E-005	298.511
682.4000	4.73785E-005	298.601
682.2000	4.65424E-005	298.688
682.0000	5.28412E-005	298.763
681.8000	5.61737E-005	298.816
681.6000	6.18591E-005	298.85
681.4000	6.58203E-005	298.916
681.2000	6.57532E-005	299.005
681.0000	6.604E-005	299.075
680.8000	6.94489E-005	299.135
680.6000	7.59705E-005	299.186
680.4000	8.14789E-005	299.226
680.2000	8.2254E-005	299.262
680.0000	7.99194E-005	299.293
679.8000	8.34869E-005	299.274
679.6000	8.81073E-005	299.183
679.4000	8.9621E-005	299.095
679.2000	9.17114E-005	298.997
679.0000	0.000102444	298.895
678.8000	0.000105057	298.787
678.6000	0.000109314	298.682
678.4000	0.000118936	298.568
678.2000	0.000122733	298.458
678.0000	0.000119086	298.446
677.8000	0.000120212	298.435
677.6000	0.000120807	298.416
677.4000	0.000117374	298.4
677.2000	0.000111261	298.386
677.0000	0.000113324	298.37
676.8000	0.000107883	298.357
676.6000	9.97131E-005	298.301
676.4000	0.000101367	298.187
676.2000	9.79889E-005	298.074
676.0000	9.49799E-005	297.959
675.8000	9.71649E-005	297.848
675.6000	9.3692E-005	297.735
675.4000	8.82294E-005	297.621
675.2000	8.68958E-005	297.509
675.0000	9.13239E-005	297.409
674.8000	9.13116E-005	297.399
674.6000	9.49677E-005	297.396
674.4000	9.54315E-005	297.391
674.2000	9.09302E-005	297.384
674.0000	8.88702E-005	297.379
673.8000	8.98163E-005	297.371
673.6000	8.41156E-005	297.366
673.4000	8.13629E-005	297.267
673.2000	8.31726E-005	297.157
673.0000	8.31726E-005	297.044
672.8000	8.80981E-005	296.932
672.6000	9.25568E-005	296.824
672.4000	8.76617E-005	296.709
672.2000	8.96454E-005	296.604
672.0000	8.94318E-005	296.504
671.8000	9.20624E-005	296.455
671.6000	9.58435E-005	296.455
671.4000	9.9231E-005	296.46
671.2000	9.9115E-005	296.456
671.0000	9.9115E-005	296.451
670.8000	0.000106485	296.456
670.6000	0.000113776	296.449
670.4000	0.000121375	296.391
670.2000	0.000131036	296.286
670.0000	0.000135587	296.173
669.8000	0.000135446	296.063
669.6000	0.000134592	295.953
669.4000	0.000137192	295.851
669.2000	0.000135828	295.739
669.0000	0.000132025	295.637
668.8000	0.000121878	295.549
668.6000	0.000116571	295.552
668.4000	0.000107458	295.552
668.2000	0.000107623	295.545
668.0000	0.000110248	295.538
667.8000	0.000108023	295.539
667.6000	0.000106665	295.544
667.4000	0.000111462	295.509
667.2000	0.000119778	295.41
667.0000	0.000121396	295.319
666.8000	0.000126984	295.226
666.6000	0.000129996	295.139
666.4000	0.000123462	295.064
666.2000	0.000122714	294.978
666.0000	0.000127997	294.893
665.8000	0.000127621	294.822
665.6000	0.000118991	294.842
665.4000	0.00011571	294.847
665.2000	0.00011676	294.869
665.0000	0.000114374	294.889
664.8000	0.000114743	294.907
664.6000	0.000115509	294.922
664.4000	0.000116357	294.899
664.2000	0.000119238	294.813
664.0000	0.000126566	294.734
663.8000	0.000130673	294.653
663.6000	0.000133194	294.565
663.4000	0.000134463	294.476
663.2000	0.000135806	294.387
663.0000	0.000135602	294.292
662.8000	0.000133267	294.202
662.6000	0.000136185	294.207
662.4000	0.00013588	294.207
662.2000	0.000140747	294.208
662.0000	0.000142502	294.215
661.8000	0.000146555	294.218
661.6000	0.000151224	294.217
661.4000	0.000152899	294.142
661.2000	0.000153061	294.059
661.0000	0.000150061	293.968
660.8000	0.000149924	293.882
660.6000	0.000149918	293.785
660.4000	0.000151117	293.696
660.2000	0.000149719	293.602
660.0000	0.000150629	293.506
659.8000	0.000150107	293.461
659.6000	0.0001521	293.441
659.4000	0.000153625	293.43
659.2000	0.000153928	293.418
659.0000	0.000152063	293.401
658.8000	0.000153424	293.381
658.6000	0.000157266	293.289
658.4000	0.000156259	293.181
658.2000	0.000158347	293.078
658.0000	0.000160394	292.977
657.8000	0.000162585	292.87
657.6000	0.000161707	292.76
657.4000	0.000158511	292.649
657.2000	0.000153641	292.538
657.0000	0.00014942	292.472
656.8000	0.000147223	292.44
656.6000	0.000144659	292.411
656.4000	0.000144327	292.374
656.2000	0.000146136	292.336
656.0000	0.000148404	292.299
655.8000	0.000145435	292.169
655.6000	0.000142856	292.033
655.4000	0.000143692	291.892
655.2000	0.000149689	291.742
655.0000	0.000155115	291.591
654.8000	0.000157382	291.441
654.6000	0.000148569	291.288
654.4000	0.00014321	291.133
654.2000	0.000141724	291.037
654.0000	0.000144034	290.974
653.8000	0.000145456	290.911
653.6000	0.000145892	290.845
653.4000	0.00014679	290.775
653.2000	0.000152338	290.699
653.0000	0.000162811	290.53
652.8000	0.000173669	290.356
652.6000	0.000179834	290.187
652.4000	0.000185745	290.01
652.2000	0.000189798	289.833
652.0000	0.000189523	289.656
651.8000	0.000183801	289.483
651.6000	0.000178464	289.313
651.4000	0.0001763	289.196
651.2000	0.000169284	289.123
651.0000	0.000170901	289.049
650.8000	0.000168561	288.979
650.6000	0.000157065	288.923
650.4000	0.000149832	288.829
650.2000	0.000146771	288.694
650.0000	0.000147369	288.568
649.8000	0.000145905	288.449
649.6000	0.000148471	288.338
649.4000	0.000143915	288.238
649.2000	0.000146149	288.151
649.0000	0.000154504	288.063
648.8000	0.000164609	287.993
648.6000	0.000169144	288.014
648.4000	0.00017356	288.032
648.2000	0.000177295	288.058
648.0000	0.000184625	288.085
647.8000	0.000194714	288.076
647.6000	0.00019928	288.015
647.4000	0.000197897	287.953
647.2000	0.000196445	287.89
647.0000	0.000201456	287.827
646.8000	0.000202924	287.767
646.6000	0.000202997	287.705
646.4000	0.000200082	287.644
646.2000	0.000195483	287.595
646.0000	0.000194962	287.619
645.8000	0.000191412	287.645
645.6000	0.000192242	287.677
645.4000	0.000194263	287.704
645.2000	0.000195258	287.688
645.0000	0.000197955	287.624
644.8000	0.00019433	287.561
644.6000	0.000192569	287.495
644.4000	0.000195111	287.427
644.2000	0.000195923	287.355
644.0000	0.000196094	287.283
643.8000	0.000200406	287.21
643.6000	0.000199011	287.148
643.4000	0.000200436	287.155
643.2000	0.00020159	287.161
643.0000	0.000205164	287.17
642.8000	0.000200534	287.177
642.6000	0.000198508	287.142
642.4000	0.000202213	287.057
642.2000	0.000199814	286.966
642.0000	0.000201932	286.87
641.8000	0.000204581	286.773
641.6000	0.000210608	286.672
641.4000	0.000210971	286.57
641.2000	0.000212637	286.465
641.0000	0.000212341	286.378
640.8000	0.000211743	286.366
640.6000	0.000210614	286.348
640.4000	0.000211429	286.332
640.2000	0.000209183	286.317
640.0000	0.000202704	286.222
639.8000	0.000195288	286.121
639.6000	0.000195364	286.021
639.4000	0.000196805	285.915
639.2000	0.000196103	285.805
639.0000	0.000195499	285.698
638.8000	0.000188156	285.596
638.6000	0.000186899	285.489
638.4000	0.000188693	285.432
638.2000	0.000193298	285.411
638.0000	0.000195193	285.381
637.8000	0.000189926	285.345
637.6000	0.000188382	285.243
637.4000	0.000189816	285.13
637.2000	0.000193649	285.015
637.0000	0.000197549	284.899
636.8000	0.000199796	284.787
636.6000	0.000202841	284.672
636.4000	0.000206943	284.56
636.2000	0.000214975	284.446
636.0000	0.000220663	284.383
635.8000	0.000227185	284.348
635.6000	0.000226627	284.31
635.4000	0.000225949	284.273
635.2000	0.0002229	284.195
635.0000	0.000219916	284.068
634.8000	0.000220023	283.941
634.6000	0.00021387	283.82
634.4000	0.000208145	283.698
634.2000	0.000205481	283.577
634.0000	0.00020509	283.456
633.8000	0.00020304	283.336
633.6000	0.00019968	283.229
633.4000	0.000200449	283.196
633.2000	0.000199829	283.163
633.0000	0.000196802	283.13
632.8000	0.000203378	283.022
632.6000	0.000201358	282.907
632.4000	0.000199564	282.797
632.2000	0.000200531	282.693
632.0000	0.000201694	282.59
631.8000	0.000200085	282.487
631.6000	0.000200208	282.389
631.4000	0.000200165	282.289
631.2000	0.000194458	282.242
631.0000	0.000188614	282.231
630.8000	0.000188406	282.222
630.6000	0.000188986	282.211
630.4000	0.000183096	282.12
630.2000	0.000183765	282.02
630.0000	0.000184094	281.923
629.8000	0.000186014	281.832
629.6000	0.000191782	281.733
629.4000	0.000198734	281.632
629.2000	0.000204025	281.531
629.0000	0.000200543	281.432
628.8000	0.000202942	281.382
628.6000	0.000209808	281.368
628.4000	0.000213159	281.351
628.2000	0.000210474	281.291
628.0000	0.000214349	281.191
627.8000	0.000209546	281.089
627.6000	0.000206897	280.984
627.4000	0.000207907	280.876
627.2000	0.000209402	280.768
627.0000	0.000207898	280.658
626.8000	0.000201465	280.553
626.6000	0.000198267	280.456
626.4000	0.000194034	280.43
626.2000	0.000192349	280.408
626.0000	0.000193909	280.387
625.8000	0.000190274	280.298
625.6000	0.000189679	280.201
625.4000	0.000188843	280.106
625.2000	0.000189841	280.008
625.0000	0.000187061	279.909
624.8000	0.000185272	279.81
624.6000	0.000185864	279.71
624.4000	0.000183292	279.612
624.2000	0.00018443	279.559
624.0000	0.000186392	279.538
623.8000	0.000181192	279.518
623.6000	0.000183054	279.42
623.4000	0.000182803	279.319
623.2000	0.000180405	279.214
623.0000	0.000177814	279.109
622.8000	0.000170673	279.005
622.6000	0.00017001	278.897
622.4000	0.000168787	278.793
622.2000	0.000164371	278.692
622.0000	0.00015874	278.643
621.8000	0.000157108	278.626
621.6000	0.000158536	278.616
621.4000	0.000157547	278.546
621.2000	0.000162445	278.464
621.0000	0.000164047	278.387
620.8000	0.000159146	278.308
620.6000	0.000159888	278.227
620.4000	0.00016423	278.15
620.2000	0.0001694	278.074
620.0000	0.000172473	278.001
619.8000	0.00017764	277.963
619.6000	0.000181296	277.954
619.4000	0.000181189	277.949
619.2000	0.000181458	277.883
619.0000	0.000184827	277.817
618.8000	0.000184662	277.751
618.6000	0.00018042	277.685
618.4000	0.000175949	277.618
618.2000	0.000175949	277.553
618.0000	0.000173242	277.497
617.8000	0.000174054	277.44
617.6000	0.000176105	277.422
617.4000	0.000178555	277.429
617.2000	0.00018028	277.399
617.0000	0.000180569	277.329
616.8000	0.000184576	277.261
616.6000	0.000189758	277.195
616.4000	0.000187927	277.127
616.2000	0.000186804	277.058
616.0000	0.000189716	276.99
615.8000	0.000187683	276.919
615.6000	0.000190552	276.86
615.4000	0.000198206	276.868
615.2000	0.000198788	276.877
615.0000	0.000192825	276.818
614.8000	0.00019151	276.753
614.6000	0.000195688	276.692
614.4000	0.000200531	276.63
614.2000	0.000202277	276.572
614.0000	0.000205969	276.511
613.8000	0.000203519	276.45
613.6000	0.00020379	276.389
613.4000	0.000207043	276.376
613.2000	0.000206555	276.393
613.0000	0.000205582	276.337
612.8000	0.000198364	276.274
612.6000	0.000197382	276.21
612.4000	0.000196347	276.149
612.2000	0.000190466	276.092
612.0000	0.000187292	276.03
611.8000	0.000188562	275.966
611.6000	0.000191302	275.908
611.4000	0.000189792	275.895
611.2000	0.000189105	275.911
611.0000	0.000189029	275.896
610.8000	0.000182971	275.83
610.6000	0.000185706	275.762
610.4000	0.000188907	275.694
610.2000	0.000191385	275.628
610.0000	0.000197623	275.561
609.8000	0.000201617	275.491
609.6000	0.000201801	275.427
609.4000	0.0002021	275.374
609.2000	0.000202289	275.384
609.0000	0.000205261	275.368
608.8000	0.000204303	275.309
608.6000	0.000201651	275.252
608.4000	0.000190607	275.194
608.2000	0.000179208	275.132
608.0000	0.000181064	275.073
607.8000	0.000178787	275.01
607.6000	0.000186768	274.948
607.4000	0.000186227	274.893
607.2000	0.000188058	274.902
607.0000	0.000190073	274.882
606.8000	0.000193054	274.814
606.6000	0.000196097	274.744
606.4000	0.000196606	274.671
606.2000	0.000196548	274.598
606.0000	0.000194901	274.522
605.8000	0.000198181	274.447
605.6000	0.000197388	274.369
605.4000	0.00019202	274.299
605.2000	0.000192462	274.291
605.0000	0.000194031	274.224
604.8000	0.000191336	274.159
604.6000	0.000193719	274.092
604.4000	0.000198608	274.027
604.2000	0.000199823	273.961
604.0000	0.000192563	273.893
603.8000	0.000196353	273.824
603.6000	0.000194974	273.755
603.4000	0.000190283	273.723
603.2000	0.00019007	273.718
603.0000	0.000190912	273.655
602.8000	0.000188907	273.585
602.6000	0.000185645	273.515
602.4000	0.000194974	273.447
602.2000	0.000199429	273.38
602.0000	0.000203934	273.31
601.8000	0.000207181	273.244
601.6000	0.00021243	273.173
601.4000	0.000212518	273.135
601.2000	0.000210556	273.055
601.0000	0.000207251	272.967
600.8000	0.000203259	272.881
600.6000	0.000200961	272.794
600.4000	0.000201974	272.705
600.2000	0.00020033	272.618
600.0000	0.000197668	272.532
599.8000	0.000194	272.45
599.6000	0.00019397	272.408
599.4000	0.000196652	272.369
599.2000	0.000198563	272.29
599.0000	0.000199255	272.208
598.8000	0.000199585	272.125
598.6000	0.000199158	272.044
598.4000	0.000194183	271.956
598.2000	0.000194675	271.869
598.0000	0.000199603	271.786
597.8000	0.000202051	271.707
597.6000	0.000202902	271.686
597.4000	0.000200214	271.601
597.2000	0.000193329	271.508
597.0000	0.000191364	271.413
596.8000	0.000199518	271.322
596.6000	0.000208173	271.231
596.4000	0.000210794	271.14
596.2000	0.000207907	271.047
596.0000	0.000203958	270.957
595.8000	0.000201639	270.912
595.6000	0.000203665	270.832
595.4000	0.000200632	270.746
595.2000	0.000198459	270.658
595.0000	0.0001995	270.57
594.8000	0.000190097	270.479
594.6000	0.000187759	270.389
594.4000	0.00018988	270.298
594.2000	0.000189786	270.207
594.0000	0.000188058	270.156
593.8000	0.000191833	270.074
593.6000	0.000195099	269.994
593.4000	0.000193158	269.909
593.2000	0.000201816	269.826
593.0000	0.000209155	269.748
592.8000	0.000213266	269.667
592.6000	0.00021936	269.592
592.4000	0.000220416	269.517
592.2000	0.000223709	269.478
592.0000	0.000229135	269.397
591.8000	0.000232114	269.312
591.6000	0.000229004	269.233
591.4000	0.00022485	269.15
591.2000	0.00022262	269.068
591.0000	0.000214209	268.984
590.8000	0.000210126	268.897
590.6000	0.000210272	268.811
590.4000	0.000203781	268.742
590.2000	0.000196109	268.665
590.0000	0.000192258	268.59
589.8000	0.00019119	268.511
589.6000	0.000195166	268.434
589.4000	0.000199359	268.361
589.2000	0.000197363	268.286
589.0000	0.000194647	268.215
588.8000	0.000192343	268.156
588.6000	0.000196701	268.094
588.4000	0.000202097	268.033
588.2000	0.000204938	267.967
588.0000	0.000202441	267.909
587.8000	0.000203256	267.846
587.6000	0.000214206	267.785
587.4000	0.000227719	267.724
587.2000	0.000240479	267.663
587.0000	0.000241162	267.606
586.8000	0.000241364	267.538
586.6000	0.000237375	267.47
586.4000	0.000237134	267.4
586.2000	0.000232864	267.331
586.0000	0.000225098	267.261
585.8000	0.000215359	267.191
585.6000	0.000208829	267.125
585.4000	0.000206915	267.067
585.2000	0.000203354	267.009
585.0000	0.000208725	266.947
584.8000	0.000209769	266.887
584.6000	0.000212137	266.828
584.4000	0.000214795	266.772
584.2000	0.000215515	266.718
584.0000	0.000217584	266.66
583.8000	0.000223022	266.601
583.6000	0.000224158	266.55
583.4000	0.000225095	266.492
583.2000	0.00022674	266.424
583.0000	0.000231021	266.364
582.8000	0.000233035	266.305
582.6000	0.000237793	266.245
582.4000	0.000235141	266.186
582.2000	0.000231665	266.13
582.0000	0.000231836	266.06
581.8000	0.000227469	266.001
581.6000	0.000225525	265.949
581.4000	0.000229315	265.893
581.2000	0.000233911	265.831
581.0000	0.00023259	265.771
580.8000	0.00023288	265.712
580.6000	0.000231525	265.655
580.4000	0.00023327	265.598
580.2000	0.000235599	265.544
580.0000	0.00023909	265.489
579.8000	0.000235629	265.434
579.6000	0.000233206	265.379
579.4000	0.000230914	265.325
579.2000	0.000229318	265.27
579.0000	0.000233282	265.212
578.8000	0.000233246	265.156
578.6000	0.000228574	265.081
578.4000	0.000229556	265.02
578.2000	0.000226782	264.962
578.0000	0.000223392	264.905
577.8000	0.000221243	264.847
577.6000	0.00022605	264.792
577.4000	0.000227118	264.738
577.2000	0.000226343	264.658
577.0000	0.000227866	264.578
576.8000	0.000228781	264.527
576.6000	0.000229486	264.479
576.4000	0.00023154	264.432
576.2000	0.000233945	264.384
576.0000	0.00023187	264.334
575.8000	0.000227213	264.286
575.6000	0.000228037	264.219
575.4000	0.000229971	264.175
575.2000	0.000234024	264.13
575.0000	0.000235974	264.082
574.8000	0.000235837	264.033
574.6000	0.000238199	263.984
574.4000	0.000240781	263.939
574.2000	0.000244482	263.892
574.0000	0.000247888	263.82
573.8000	0.000252441	263.76
573.6000	0.000252115	263.699
573.4000	0.000247644	263.641
573.2000	0.000242682	263.578
573.0000	0.000240491	263.517
572.8000	0.00024111	263.454
572.6000	0.000240283	263.387
572.4000	0.000240771	263.281
572.2000	0.000236151	263.224
572.0000	0.000231412	263.171
571.8000	0.000232657	263.118
571.6000	0.000237903	263.063
571.4000	0.000241388	263.014
571.2000	0.000243292	262.959
571.0000	0.00024411	262.879
570.8000	0.000250894	262.8
570.6000	0.000254578	262.742
570.4000	0.000257495	262.688
570.2000	0.00025762	262.633
570.0000	0.000259247	262.58
569.8000	0.000254037	262.529
569.6000	0.000252789	262.478
569.4000	0.000252841	262.382
569.2000	0.000248944	262.338
569.0000	0.000249896	262.295
568.8000	0.000251791	262.251
568.6000	0.000258734	262.203
568.4000	0.000264841	262.161
568.2000	0.000267963	262.116
568.0000	0.000270779	262.046
567.8000	0.000274908	261.977
567.6000	0.000277414	261.933
567.4000	0.000279089	261.891
567.2000	0.000286105	261.848
567.0000	0.000286212	261.805
566.8000	0.000286176	261.763
566.6000	0.00029064	261.693
566.4000	0.00029837	261.595
566.2000	0.000294959	261.547
566.0000	0.000297986	261.503
565.8000	0.000299615	261.451
565.6000	0.00029841	261.4
565.4000	0.000296564	261.35
565.2000	0.000287637	261.293
565.0000	0.00028262	261.194
564.8000	0.000273337	261.145
564.6000	0.000273529	261.094
564.4000	0.000272476	261.044
564.2000	0.000272263	260.996
564.0000	0.000272723	260.946
563.8000	0.000273892	260.895
563.6000	0.000282739	260.8
563.4000	0.000284988	260.734
563.2000	0.000287381	260.688
563.0000	0.000287189	260.647
562.8000	0.000284518	260.605
562.6000	0.000286597	260.561
562.4000	0.000288846	260.518
562.2000	0.000286002	260.417
562.0000	0.000284653	260.348
561.8000	0.000285925	260.296
561.6000	0.000291898	260.244
561.4000	0.000297913	260.19
561.2000	0.000302695	260.135
561.0000	0.000303561	260.078
560.8000	0.000305612	259.97
560.6000	0.000304013	259.902
560.4000	0.00030126	259.855
560.2000	0.00029895	259.806
560.0000	0.000300061	259.751
559.8000	0.00029957	259.702
559.6000	0.000300833	259.655
559.4000	0.000303787	259.554
559.2000	0.000302322	259.483
559.0000	0.000305942	259.432
558.8000	0.000314502	259.381
558.6000	0.000321234	259.332
558.4000	0.000320126	259.286
558.2000	0.000318835	259.236
558.0000	0.000315707	259.132
557.8000	0.000307861	259.057
557.6000	0.000308597	259.008
557.4000	0.000309549	258.961
557.2000	0.000306003	258.908
557.0000	0.00030462	258.856
556.8000	0.000310706	258.783
556.6000	0.000319919	258.68
556.4000	0.000324637	258.612
556.2000	0.000329236	258.566
556.0000	0.000333493	258.523
555.8000	0.000330212	258.475
555.6000	0.000330014	258.428
555.4000	0.000331854	258.33
555.2000	0.000328345	258.234
555.0000	0.000324417	258.179
554.8000	0.000324576	258.126
554.6000	0.000328513	258.072
554.4000	0.000329538	258.017
554.2000	0.000336581	257.965
554.0000	0.000342541	257.867
553.8000	0.000347559	257.801
553.6000	0.000352469	257.758
553.4000	0.000349826	257.719
553.2000	0.000348874	257.685
553.0000	0.000346246	257.652
552.8000	0.000346005	257.598
552.6000	0.000344702	257.519
552.4000	0.000342459	257.471
552.2000	0.000344763	257.443
552.0000	0.000352866	257.417
551.8000	0.000364731	257.391
551.6000	0.000376367	257.359
551.4000	0.000377481	257.275
551.2000	0.00037991	257.198
551.0000	0.000387427	257.156
550.8000	0.000395224	257.111
550.6000	0.000390579	257.07
550.4000	0.00038111	257.025
550.2000	0.000372705	256.952
550.0000	0.000364813	256.855
549.8000	0.000365305	256.792
549.6000	0.000367807	256.748
549.4000	0.000367886	256.703
549.2000	0.000360068	256.659
549.0000	0.000356885	256.592
548.8000	0.00036481	256.492
548.6000	0.000366974	256.398
548.4000	0.000370117	256.352
548.2000	0.000370932	256.308
548.0000	0.000371744	256.263
547.8000	0.000373441	256.218
547.6000	0.000378	256.122
547.4000	0.000382504	256.032
547.2000	0.000380307	255.988
547.0000	0.000375955	255.947
546.8000	0.000370792	255.903
546.6000	0.000367459	255.855
546.4000	0.000368365	255.766
546.2000	0.000361398	255.673
546.0000	0.000353894	255.613
545.8000	0.000357162	255.575
545.6000	0.000369046	255.538
545.4000	0.000381329	255.502
545.2000	0.000390378	255.44
545.0000	0.000395889	255.35
544.8000	0.000399017	255.291
544.6000	0.000399707	255.247
544.4000	0.000410422	255.202
544.2000	0.000414554	255.161
544.0000	0.000409619	255.095
543.8000	0.000406027	255.008
543.6000	0.000403952	254.926
543.4000	0.000409839	254.892
543.2000	0.000413751	254.859
543.0000	0.000417645	254.831
542.8000	0.000414392	254.784
542.6000	0.000409033	254.712
542.4000	0.000405582	254.648
542.2000	0.00040676	254.626
542.0000	0.000417102	254.608
541.8000	0.000418188	254.59
541.6000	0.00041604	254.55
541.4000	0.000419489	254.483
541.2000	0.000420868	254.422
541.0000	0.000429736	254.397
540.8000	0.000434473	254.373
540.6000	0.00043623	254.347
540.4000	0.000429684	254.298
540.2000	0.000429092	254.225
540.0000	0.000427948	254.156
539.8000	0.000428793	254.13
539.6000	0.000429269	254.104
539.4000	0.000430072	254.078
539.2000	0.000431229	254.002
539.0000	0.000434192	253.919
538.8000	0.000438577	253.841
538.6000	0.000441446	253.799
538.4000	0.000442294	253.759
538.2000	0.000444833	253.712
538.0000	0.000450012	253.617
537.8000	0.000450964	253.52
537.6000	0.000454568	253.455
537.4000	0.000457025	253.411
537.2000	0.000457553	253.366
537.0000	0.000455945	253.322
536.8000	0.000458456	253.238
536.6000	0.000462906	253.15
536.4000	0.00046463	253.095
536.2000	0.000468939	253.056
536.0000	0.000470639	253.017
535.8000	0.000472968	252.955
535.6000	0.000470056	252.868
535.4000	0.000477478	252.78
535.2000	0.000477319	252.72
535.0000	0.000473657	252.678
534.8000	0.000470776	252.637
534.6000	0.000473199	252.558
534.4000	0.000477777	252.474
534.2000	0.00048627	252.398
534.0000	0.000488339	252.365
533.8000	0.000488403	252.337
533.6000	0.00048844	252.307
533.4000	0.000496698	252.237
533.2000	0.000502322	252.159
533.0000	0.000503531	252.113
532.8000	0.000498553	252.086
532.6000	0.000493164	252.059
532.4000	0.000494098	252.011
532.2000	0.000495685	251.931
532.0000	0.000497736	251.848
531.8000	0.000500439	251.79
531.6000	0.000502243	251.757
531.4000	0.000501807	251.715
531.2000	0.00050426	251.629
531.0000	0.000506964	251.541
530.8000	0.000509198	251.456
530.6000	0.000508118	251.415
530.4000	0.000509753	251.375
530.2000	0.000509256	251.319
530.0000	0.000506647	251.234
529.8000	0.000509564	251.152
529.6000	0.000510056	251.096
529.4000	0.000508823	251.059
529.2000	0.000508188	251.006
529.0000	0.000505447	250.924
528.8000	0.000507419	250.844
528.6000	0.000512729	250.77
528.4000	0.000518033	250.74
528.2000	0.000521463	250.707
528.0000	0.000524371	250.638
527.8000	0.000528821	250.564
527.6000	0.000532428	250.495
527.4000	0.000542133	250.47
527.2000	0.000544791	250.443
527.0000	0.000545258	250.395
526.8000	0.00054913	250.319
526.6000	0.000551559	250.243
526.4000	0.000552353	250.197
526.2000	0.000551544	250.164
526.0000	0.00055535	250.113
525.8000	0.000554636	250.036
525.6000	0.000553122	249.96
525.4000	0.000554688	249.89
525.2000	0.00055166	249.858
525.0000	0.000547684	249.826
524.8000	0.000550171	249.757
524.6000	0.000558637	249.688
524.4000	0.000562836	249.627
524.2000	0.000566348	249.6
524.0000	0.000569876	249.58
523.8000	0.000571954	249.514
523.6000	0.000571707	249.448
523.4000	0.000575604	249.377
523.2000	0.000578265	249.325
523.0000	0.000573151	249.29
522.8000	0.000566241	249.218
522.6000	0.000566202	249.141
522.4000	0.000571286	249.062
522.2000	0.000578876	249.01
522.0000	0.000579895	248.976
521.8000	0.000582574	248.905
521.6000	0.00058313	248.832
521.4000	0.000587018	248.76
521.2000	0.000596088	248.714
521.0000	0.000602991	248.684
520.8000	0.000605808	248.61
520.6000	0.000604337	248.535
520.4000	0.000602136	248.464
520.2000	0.000602832	248.414
520.0000	0.000602042	248.384
519.8000	0.000599695	248.317
519.6000	0.000594864	248.242
519.4000	0.000591199	248.17
519.2000	0.000588626	248.126
519.0000	0.000586743	248.1
518.8000	0.000586438	248.029
518.6000	0.000586981	247.957
518.4000	0.000592374	247.886
518.2000	0.000594489	247.843
518.0000	0.000602066	247.814
517.8000	0.000607394	247.749
517.6000	0.000605478	247.679
517.4000	0.00061116	247.606
517.2000	0.000614691	247.561
517.0000	0.00061835	247.534
516.8000	0.000620483	247.468
516.6000	0.00062052	247.4
516.4000	0.000616721	247.328
516.2000	0.000612228	247.284
516.0000	0.000614578	247.253
515.8000	0.000615158	247.182
515.6000	0.000616989	247.106
515.4000	0.000613269	247.028
515.2000	0.000605414	246.977
515.0000	0.000600845	246.922
514.8000	0.000605417	246.848
514.6000	0.000608105	246.775
514.4000	0.000610599	246.697
514.2000	0.000606165	246.654
514.0000	0.000602762	246.612
513.8000	0.000604401	246.545
513.6000	0.000610266	246.485
513.4000	0.00061452	246.431
513.2000	0.000617767	246.415
513.0000	0.00061886	246.359
512.8000	0.00061521	246.304
512.6000	0.000612372	246.25
512.4000	0.00060939	246.2
512.2000	0.000606058	246.171
512.0000	0.000607053	246.117
511.8000	0.000605572	246.061
511.6000	0.000603815	246.006
511.4000	0.000602512	245.979
511.2000	0.000602545	245.947
511.0000	0.000603824	245.887
510.8000	0.000608994	245.823
510.6000	0.000613181	245.767
510.4000	0.000611346	245.74
510.2000	0.000609018	245.68
510.0000	0.000607306	245.615
509.8000	0.000604712	245.544
509.6000	0.000605789	245.48
509.4000	0.000610852	245.435
509.2000	0.000613269	245.373
509.0000	0.000612952	245.31
508.8000	0.000614346	245.251
508.6000	0.000618741	245.219
508.4000	0.000629132	245.157
508.2000	0.000632516	245.09
508.0000	0.000636194	245.02
507.8000	0.000639618	244.955
507.6000	0.000642603	244.903
507.4000	0.000641995	244.829
507.2000	0.000638144	244.753
507.0000	0.00063558	244.671
506.8000	0.000631061	244.616
506.6000	0.000627615	244.542
506.4000	0.00062847	244.459
506.2000	0.00062142	244.379
506.0000	0.000615717	244.296
505.8000	0.000619455	244.232
505.6000	0.000620645	244.143
505.4000	0.000625482	244.05
505.2000	0.000626935	243.963
505.0000	0.000633878	243.899
504.8000	0.000638373	243.819
504.6000	0.000639829	243.74
504.4000	0.000643695	243.665
504.2000	0.000643777	243.6
504.0000	0.000643274	243.532
503.8000	0.000639871	243.471
503.6000	0.000638187	243.415
503.4000	0.000633878	243.359
503.2000	0.000627499	243.313
503.0000	0.000627188	243.27
502.8000	0.000629666	243.228
502.6000	0.000625867	243.185
502.4000	0.00062637	243.168
502.2000	0.000629059	243.133
502.0000	0.000631476	243.099
501.8000	0.000631085	243.061
501.6000	0.000629251	243.027
501.4000	0.000626526	242.988
501.2000	0.000622687	242.945
501.0000	0.000624182	242.898
500.8000	0.000627203	242.853
500.6000	0.000627234	242.818
500.4000	0.000623413	242.769
500.2000	0.000623087	242.708
500.0000	0.000624213	242.653
499.8000	0.000625354	242.598
499.6000	0.000624912	242.532
499.4000	0.000625427	242.466
499.2000	0.000626245	242.398
499.0000	0.00062814	242.311
498.8000	0.00063436	242.231
498.6000	0.000636966	242.155
498.4000	0.000635498	242.076
498.2000	0.000641296	241.998
498.0000	0.000652005	241.915
497.8000	0.000661557	241.829
497.6000	0.000664059	241.737
497.4000	0.000664371	241.645
497.2000	0.000668115	241.543
497.0000	0.00067594	241.429
496.8000	0.00068681	241.306
496.6000	0.000695108	241.176
496.4000	0.00069697	241.025
496.2000	0.000701559	240.875
496.0000	0.000704025	240.712
495.8000	0.000710013	240.54
495.6000	0.000719305	240.348
495.4000	0.000728271	240.156
495.2000	0.000731873	239.954
495.0000	0.00073371	239.734
494.8000	0.000733984	239.479
494.6000	0.000734164	239.226
494.4000	0.000736246	238.966
494.2000	0.000745496	238.691
494.0000	0.000748129	238.402
493.8000	0.000748862	238.122
493.6000	0.000751169	237.85
493.4000	0.000756335	237.593
493.2000	0.000761493	237.36
493.0000	0.000762018	237.169
492.8000	0.000766702	237.011
492.6000	0.000764252	236.901
492.4000	0.000764795	236.825
492.2000	0.000766141	236.813
492.0000	0.000769189	236.86
491.8000	0.000774936	236.956
491.6000	0.000778113	237.085
491.4000	0.000786227	237.263
491.2000	0.000783856	237.469
491.0000	0.000787241	237.693
490.8000	0.000795499	237.913
490.6000	0.000800339	238.139
490.4000	0.000802487	238.35
490.2000	0.00080025	238.523
490.0000	0.00079808	238.676
489.8000	0.000800796	238.807
489.6000	0.000802518	238.913
489.4000	0.000810208	238.976
489.2000	0.000809448	239.02
489.0000	0.000811243	239.059
488.8000	0.000806534	239.079
488.6000	0.000808249	239.076
488.4000	0.000815662	239.068
488.2000	0.000818771	239.051
488.0000	0.000824051	239.026
487.8000	0.000824524	238.957
487.6000	0.000825308	238.9
487.4000	0.000826581	238.826
487.2000	0.000833014	238.743
487.0000	0.000842017	238.609
486.8000	0.000847812	238.485
486.6000	0.000855005	238.341
486.4000	0.000862347	238.159
486.2000	0.000866763	237.959
486.0000	0.00087742	237.755
485.8000	0.000886298	237.54
485.6000	0.000890817	237.278
485.4000	0.000898352	237.022
485.2000	0.000897623	236.774
485.0000	0.000903235	236.52
484.8000	0.000910126	236.238
484.6000	0.000918097	235.989
484.4000	0.000925803	235.744
484.2000	0.000928363	235.488
484.0000	0.000933591	235.242
483.8000	0.000940372	235.022
483.6000	0.000946777	234.816
483.4000	0.000950229	234.6
483.2000	0.000954999	234.42
483.0000	0.000958621	234.275
482.8000	0.000959888	234.154
482.6000	0.000963168	234.034
482.4000	0.000966266	233.969
482.2000	0.00096503	233.942
482.0000	0.000970462	233.933
481.8000	0.000979379	233.964
481.6000	0.000979517	234.048
481.4000	0.000980475	234.173
481.2000	0.000983133	234.301
481.0000	0.000986865	234.48
480.8000	0.000991974	234.696
480.6000	0.000996625	234.915
480.4000	0.000999844	235.129
480.2000	0.00100005	235.365
480.0000	0.000999554	235.595
479.8000	0.00100048	235.772
479.6000	0.000997675	235.944
479.4000	0.00100102	236.105
479.2000	0.00100123	236.218
479.0000	0.00100036	236.289
478.8000	0.00100296	236.354
478.6000	0.00100311	236.393
478.4000	0.00100342	236.375
478.2000	0.00100089	236.346
478.0000	0.00100378	236.307
477.8000	0.00100514	236.229
477.6000	0.00100648	236.117
477.4000	0.00101001	236.007
477.2000	0.00101539	235.871
477.0000	0.00102021	235.68
476.8000	0.00102546	235.469
476.6000	0.00103967	235.232
476.4000	0.00105031	234.922
476.2000	0.00106418	234.56
476.0000	0.00107469	234.168
475.8000	0.00108721	233.708
475.6000	0.00109355	233.189
475.4000	0.00110313	232.65
475.2000	0.00112	232.102
475.0000	0.00113102	231.515
474.8000	0.00114322	230.958
474.6000	0.00115029	230.454
474.4000	0.00115729	230
474.2000	0.00116292	229.617
474.0000	0.00117038	229.349
473.8000	0.00117701	229.153
473.6000	0.00117577	229.026
473.4000	0.0011758	229.001
473.2000	0.00117299	229.054
473.0000	0.00117067	229.124
472.8000	0.00116984	229.215
472.6000	0.0011729	229.327
472.4000	0.00117381	229.385
472.2000	0.0011723	229.403
472.0000	0.00117637	229.395
471.8000	0.00117895	229.314
471.6000	0.00118123	229.155
471.4000	0.00118726	228.952
471.2000	0.00119373	228.693
471.0000	0.00120384	228.372
470.8000	0.00121581	228.033
470.6000	0.00122492	227.68
470.4000	0.00123193	227.285
470.2000	0.00124514	226.881
470.0000	0.00125592	226.508
469.8000	0.00126381	226.114
469.6000	0.00127608	225.739
469.4000	0.00128293	225.417
469.2000	0.00128459	225.105
469.0000	0.00128467	224.841
468.8000	0.00128686	224.649
468.6000	0.00128568	224.527
468.4000	0.00128333	224.458
468.2000	0.00128333	224.484
468.0000	0.00128283	224.594
467.8000	0.00127863	224.764
467.6000	0.00127748	225.021
467.4000	0.00127835	225.335
467.2000	0.00128072	225.68
467.0000	0.00127688	226.058
466.8000	0.00126992	226.479
466.6000	0.00126701	226.874
466.4000	0.00126906	227.247
466.2000	0.0012679	227.612
466.0000	0.00126483	227.91
465.8000	0.00126293	228.164
465.6000	0.00126205	228.389
465.4000	0.00126152	228.531
465.2000	0.00126838	228.623
465.0000	0.00127296	228.679
464.8000	0.00127014	228.675
464.6000	0.00127011	228.636
464.4000	0.00127255	228.59
464.2000	0.00127651	228.512
464.0000	0.00128557	228.43
463.8000	0.00129348	228.369
463.6000	0.00129992	228.302
463.4000	0.00130495	228.251
463.2000	0.00130805	228.251
463.0000	0.00130893	228.268
462.8000	0.00131384	228.315
462.6000	0.00131134	228.413
462.4000	0.00130419	228.535
462.2000	0.0013019	228.679
462.0000	0.0012972	228.866
461.8000	0.00129995	229.059
461.6000	0.00129923	229.257
461.4000	0.00130082	229.472
461.2000	0.00129821	229.669
461.0000	0.00129849	229.855
460.8000	0.00130329	230.032
460.6000	0.00130468	230.171
460.4000	0.00130657	230.281
460.2000	0.0013081	230.37
460.0000	0.00130872	230.429
459.8000	0.00131641	230.46
459.6000	0.00131932	230.472
459.4000	0.00132557	230.46
459.2000	0.0013348	230.435
459.0000	0.00133839	230.409
458.8000	0.00134021	230.38
458.6000	0.00134313	230.361
458.4000	0.0013428	230.363
458.2000	0.00134422	230.373
458.0000	0.0013486	230.407
457.8000	0.00135362	230.466
457.6000	0.00134877	230.546
457.4000	0.00134389	230.646
457.2000	0.00134629	230.763
457.0000	0.0013507	230.884
456.8000	0.00135536	231.015
456.6000	0.00135578	231.144
456.4000	0.00135453	231.269
456.2000	0.00135215	231.39
456.0000	0.00135309	231.49
455.8000	0.00135969	231.579
455.6000	0.00135944	231.662
455.4000	0.00135754	231.719
455.2000	0.00135498	231.753
455.0000	0.00135562	231.748
454.8000	0.00135297	231.715
454.6000	0.00135928	231.652
454.4000	0.00136543	231.554
454.2000	0.00136827	231.414
454.0000	0.00137596	231.237
453.8000	0.00138861	231.045
453.6000	0.00139832	230.831
453.4000	0.00140735	230.619
453.2000	0.00141702	230.404
453.0000	0.00142496	230.193
452.8000	0.0014295	229.968
452.6000	0.00143145	229.757
452.4000	0.00143531	229.551
452.2000	0.00143334	229.341
452.0000	0.00143694	229.134
451.8000	0.00143423	228.916
451.6000	0.00143505	228.708
451.4000	0.00143601	228.512
451.2000	0.00143711	228.342
451.0000	0.00144044	228.236
450.8000	0.00144294	228.19
450.6000	0.00144376	228.204
450.4000	0.00143756	228.305
450.2000	0.0014361	228.468
450.0000	0.00143616	228.713
449.8000	0.00143898	229.025
449.6000	0.00143773	229.371
449.4000	0.00143954	229.747
449.2000	0.00143717	230.125
449.0000	0.00143394	230.48
448.8000	0.00143654	230.807
448.6000	0.00144037	231.09
448.4000	0.00144544	231.343
448.2000	0.00144505	231.541
448.0000	0.00144829	231.689
447.8000	0.00144669	231.804
447.6000	0.00144278	231.871
447.4000	0.00144611	231.911
447.2000	0.00145238	231.943
447.0000	0.00146051	231.939
446.8000	0.00146267	231.94
446.6000	0.0014689	231.926
446.4000	0.00146777	231.905
446.2000	0.00146772	231.888
446.0000	0.00147228	231.845
445.8000	0.0014757	231.816
445.6000	0.00147648	231.773
445.4000	0.00147235	231.73
445.2000	0.00146898	231.696
445.0000	0.00147007	231.645
444.8000	0.00147271	231.612
444.6000	0.00147162	231.565
444.4000	0.00147583	231.522
444.2000	0.00148327	231.492
444.0000	0.00148519	231.443
443.8000	0.00148982	231.416
443.6000	0.00149614	231.374
443.4000	0.00150077	231.328
443.2000	0.00150095	231.289
443.0000	0.00150432	231.232
442.8000	0.00150016	231.2
442.6000	0.00149835	231.151
442.4000	0.00149778	231.111
442.2000	0.00149502	231.082
442.0000	0.00148903	231.029
441.8000	0.00148453	230.999
441.6000	0.00148645	230.96
441.4000	0.00148872	230.918
441.2000	0.00149601	230.887
441.0000	0.00150312	230.833
440.8000	0.0015086	230.794
440.6000	0.00151794	230.738
440.4000	0.00152515	230.673
440.2000	0.00153173	230.605
440.0000	0.00153858	230.523
439.8000	0.00154612	230.456
439.6000	0.00155321	230.368
439.4000	0.0015628	230.291
439.2000	0.00156646	230.214
439.0000	0.00156739	230.127
438.8000	0.001571	230.078
438.6000	0.00157549	230.029
438.4000	0.00156886	230.006
438.2000	0.00156146	229.978
438.0000	0.00155753	229.981
437.8000	0.00155601	229.993
437.6000	0.00155737	230.013
437.4000	0.00155804	230.069
437.2000	0.00155641	230.113
437.0000	0.00155463	230.174
436.8000	0.00156277	230.222
436.6000	0.00157198	230.285
436.4000	0.00157983	230.344
436.2000	0.00158082	230.389
436.0000	0.00157806	230.44
435.8000	0.00157638	230.47
435.6000	0.00158186	230.507
435.4000	0.00158716	230.52
435.2000	0.00158642	230.537
435.0000	0.00158622	230.542
434.8000	0.00158817	230.542
434.6000	0.00158891	230.543
434.4000	0.00159705	230.537
434.2000	0.00160461	230.534
434.0000	0.00160902	230.518
433.8000	0.00161386	230.512
433.6000	0.0016208	230.5
433.4000	0.00162558	230.502
433.2000	0.00163055	230.482
433.0000	0.00163857	230.465
432.8000	0.00164461	230.457
432.6000	0.00164897	230.435
432.4000	0.00165434	230.422
432.2000	0.00164947	230.397
432.0000	0.0016469	230.384
431.8000	0.00164443	230.357
431.6000	0.00164478	230.341
431.4000	0.00164391	230.313
431.2000	0.00164153	230.287
431.0000	0.00164349	230.259
430.8000	0.00164695	230.235
430.6000	0.00164725	230.217
430.4000	0.00164584	230.188
430.2000	0.0016506	230.157
430.0000	0.00165389	230.123
429.8000	0.0016608	230.098
429.6000	0.00166323	230.063
429.4000	0.00166532	230.042
429.2000	0.00166061	230.013
429.0000	0.00166044	229.981
428.8000	0.00166581	229.951
428.6000	0.00167462	229.92
428.4000	0.00167494	229.891
428.2000	0.00167325	229.859
428.0000	0.00167729	229.829
427.8000	0.00167719	229.8
427.6000	0.00167575	229.762
427.4000	0.00168254	229.726
427.2000	0.00168763	229.694
427.0000	0.00168601	229.663
426.8000	0.0016897	229.63
426.6000	0.00169165	229.601
426.4000	0.00169133	229.574
426.2000	0.00168725	229.539
426.0000	0.00169095	229.512
425.8000	0.00169347	229.479
425.6000	0.00169637	229.445
425.4000	0.00170061	229.41
425.2000	0.00169798	229.371
425.0000	0.00170092	229.333
424.8000	0.00170606	229.285
424.6000	0.00170902	229.247
424.4000	0.00171752	229.201
424.2000	0.0017242	229.159
424.0000	0.00172242	229.111
423.8000	0.00172247	229.075
423.6000	0.00172836	229.027
423.4000	0.00173537	228.986
423.2000	0.00173442	228.935
423.0000	0.00173924	228.885
422.8000	0.00174453	228.824
422.6000	0.00174511	228.765
422.4000	0.00175291	228.689
422.2000	0.0017599	228.611
422.0000	0.00175852	228.522
421.8000	0.00175995	228.427
421.6000	0.00176308	228.318
421.4000	0.00176926	228.211
421.2000	0.00177211	228.089
421.0000	0.00177426	227.974
420.8000	0.00177344	227.856
420.6000	0.00177128	227.756
420.4000	0.00177722	227.655
420.2000	0.00178247	227.579
420.0000	0.00178906	227.512
419.8000	0.00178485	227.476
419.6000	0.00178292	227.458
419.4000	0.00178419	227.469
419.2000	0.0017882	227.495
419.0000	0.00179406	227.544
418.8000	0.00179619	227.592
418.6000	0.0017931	227.665
418.4000	0.00179225	227.732
418.2000	0.00180123	227.819
418.0000	0.00180902	227.882
417.8000	0.00181346	227.958
417.6000	0.00181705	228.004
417.4000	0.0018157	228.063
417.2000	0.00181311	228.109
417.0000	0.00181664	228.138
416.8000	0.00181969	228.16
416.6000	0.00181663	228.171
416.4000	0.00181251	228.174
416.2000	0.00180852	228.175
416.0000	0.001811	228.17
415.8000	0.00181492	228.158
415.6000	0.00182063	228.137
415.4000	0.00181766	228.104
415.2000	0.00181795	228.083
415.0000	0.00182085	228.04
414.8000	0.00181784	228.018
414.6000	0.0018212	227.976
414.4000	0.00182555	227.937
414.2000	0.00182422	227.89
414.0000	0.00182294	227.852
413.8000	0.00182535	227.81
413.6000	0.00183048	227.765
413.4000	0.00183194	227.731
413.2000	0.0018396	227.687
413.0000	0.00184548	227.652
412.8000	0.0018477	227.613
412.6000	0.00184971	227.586
412.4000	0.00185169	227.555
412.2000	0.00185502	227.54
412.0000	0.0018591	227.531
411.8000	0.0018678	227.518
411.6000	0.0018689	227.517
411.4000	0.00187079	227.511
411.2000	0.00187154	227.508
411.0000	0.00187242	227.508
410.8000	0.0018766	227.518
410.6000	0.00187521	227.519
410.4000	0.00187267	227.521
410.2000	0.00187355	227.525
410.0000	0.00187155	227.526
409.8000	0.001873	227.526
409.6000	0.0018773	227.525
409.4000	0.00187639	227.54
409.2000	0.00187872	227.544
409.0000	0.00188366	227.552
408.8000	0.00188705	227.569
408.6000	0.00188439	227.582
408.4000	0.00188067	227.597
408.2000	0.00188413	227.612
408.0000	0.00188295	227.63
407.8000	0.00187861	227.644
407.6000	0.0018791	227.655
407.4000	0.00188018	227.672
407.2000	0.00188509	227.679
407.0000	0.00189146	227.684
406.8000	0.00189701	227.693
406.6000	0.00189005	227.697
406.4000	0.00189215	227.698
406.2000	0.00189788	227.694
406.0000	0.00190201	227.705
405.8000	0.0018996	227.713
405.6000	0.00189947	227.717
405.4000	0.00190267	227.721
405.2000	0.00190674	227.728
405.0000	0.00191653	227.728
404.8000	0.00192218	227.742
404.6000	0.00192004	227.757
404.4000	0.00191925	227.757
404.2000	0.00192375	227.756
404.0000	0.0019246	227.755
403.8000	0.00192769	227.752
403.6000	0.00192509	227.752
403.4000	0.00192402	227.755
403.2000	0.00192132	227.752
403.0000	0.0019249	227.738
402.8000	0.00192972	227.721
402.6000	0.00193535	227.712
402.4000	0.00194236	227.688
402.2000	0.00194481	227.662
402.0000	0.00194677	227.64
401.8000	0.00195116	227.607
401.6000	0.00195317	227.578
401.4000	0.00195579	227.541
401.2000	0.00195709	227.505
401.0000	0.00195499	227.467
400.8000	0.00195282	227.428
400.6000	0.00194988	227.386
400.4000	0.00195111	227.348
400.2000	0.00195678	227.294
400.0000	0.00196117	227.244
399.8000	0.00195966	227.198
399.6000	0.00196303	227.152
399.4000	0.00197104	227.115
399.2000	0.00197766	227.074
399.0000	0.00198276	227.038
398.8000	0.00198481	227.015
398.6000	0.00198843	226.997
398.4000	0.0019849	226.986
398.2000	0.00199084	226.987
398.0000	0.00199584	226.983
397.8000	0.00199585	226.999
397.6000	0.00199591	227.027
397.4000	0.0019937	227.054
397.2000	0.00199226	227.098
397.0000	0.00199093	227.154
396.8000	0.00199223	227.21
396.6000	0.00199102	227.288
396.4000	0.00198679	227.371
396.2000	0.00198682	227.455
396.0000	0.00198376	227.557
395.8000	0.00198539	227.667
395.6000	0.00199106	227.772
395.4000	0.00199308	227.888
395.2000	0.00199516	228.014
395.0000	0.00199563	228.13
394.8000	0.00199919	228.25
394.6000	0.00200378	228.376
394.4000	0.00200942	228.493
394.2000	0.00201178	228.606
394.0000	0.00201116	228.724
393.8000	0.00200759	228.842
393.6000	0.00200775	228.957
393.4000	0.00200566	229.074
393.2000	0.00200784	229.202
393.0000	0.00200567	229.327
392.8000	0.00200418	229.456
392.6000	0.00200478	229.599
392.4000	0.00200697	229.736
392.2000	0.0020126	229.88
392.0000	0.00201516	230.016
391.8000	0.0020186	230.157
391.6000	0.00201652	230.3
391.4000	0.00202003	230.447
391.2000	0.00202327	230.604
391.0000	0.00202384	230.761
390.8000	0.00202651	230.923
390.6000	0.00203084	231.089
390.4000	0.00203071	231.271
390.2000	0.00202958	231.456
390.0000	0.00203196	231.652
389.8000	0.00203331	231.852
389.6000	0.00203564	232.054
389.4000	0.00203371	232.254
389.2000	0.00203224	232.463
389.0000	0.00202723	232.691
388.8000	0.00202427	232.921
388.6000	0.00202546	233.159
388.4000	0.00203388	233.394
388.2000	0.00203577	233.64
388.0000	0.00203725	233.891
387.8000	0.00203869	234.151
387.6000	0.00203934	234.41
387.4000	0.00204096	234.671
387.2000	0.00204157	234.931
387.0000	0.00204843	235.199
386.8000	0.00205016	235.48
386.6000	0.00204988	235.773
386.4000	0.00204845	236.065
386.2000	0.00204976	236.368
386.0000	0.00205379	236.679
385.8000	0.0020599	237.008
385.6000	0.00206364	237.346
385.4000	0.00206328	237.692
385.2000	0.00206203	238.047
385.0000	0.00205699	238.41
384.8000	0.00205966	238.785
384.6000	0.00205868	239.159
384.4000	0.00205331	239.55
384.2000	0.00205193	239.962
384.0000	0.00204674	240.38
383.8000	0.00204459	240.804
383.6000	0.00204448	241.252
383.4000	0.00204774	241.716
383.2000	0.00204959	242.195
383.0000	0.00205244	242.693
382.8000	0.00206131	243.206
382.6000	0.00206362	243.733
382.4000	0.0020673	244.267
382.2000	0.00206534	244.828
382.0000	0.00206679	245.395
381.8000	0.00206402	245.973
381.6000	0.00206441	246.58
381.4000	0.00205986	247.195
381.2000	0.00205362	247.832
381.0000	0.00205083	248.485
380.8000	0.00205138	249.162
380.6000	0.0020495	249.869
380.4000	0.00204818	250.592
380.2000	0.00204985	251.345
380.0000	0.00204657	252.11
379.8000	0.00204316	252.895
379.6000	0.00204636	253.717
379.4000	0.00205055	254.563
379.2000	0.0020456	255.443
379.0000	0.0020496	256.347
378.8000	0.0020512	257.27
378.6000	0.0020532	258.221
378.4000	0.00205882	259.199
378.2000	0.00206586	260.206
378.0000	0.00206836	261.232
377.8000	0.00206528	262.283
377.6000	0.00206549	263.357
377.4000	0.0020662	264.449
377.2000	0.00206583	265.582
377.0000	0.00206096	266.751
376.8000	0.00205442	267.947
376.6000	0.00204756	269.174
376.4000	0.00204471	270.436
376.2000	0.00203986	271.717
376.0000	0.0020355	273.037
375.8000	0.00203073	274.376
375.6000	0.00202794	275.734
375.4000	0.00203065	277.12
375.2000	0.00203292	278.525
375.0000	0.00202979	279.96
374.8000	0.00202615	281.424
374.6000	0.00202007	282.928
374.4000	0.00201612	284.467
374.2000	0.00201002	286.04
374.0000	0.00199856	287.656
373.8000	0.00198446	289.316
373.6000	0.00197475	291.015
373.4000	0.00197169	292.759
373.2000	0.00196393	294.54
373.0000	0.00196228	296.356
372.8000	0.00196075	298.216
372.6000	0.00196281	300.114
372.4000	0.00196859	302.038
372.2000	0.00197369	303.991
372.0000	0.00197519	305.977
371.8000	0.00197042	307.997
371.6000	0.0019736	310.042
371.4000	0.00197354	312.121
371.2000	0.00196841	314.216
371.0000	0.00196282	316.343
370.8000	0.00194858	318.527
370.6000	0.00193723	320.755
370.4000	0.00193177	323.026
370.2000	0.00192413	325.339
370.0000	0.00191744	327.688
369.8000	0.00190371	330.082
369.6000	0.0018873	332.527
369.4000	0.00187446	335.027
369.2000	0.00187061	337.557
369.0000	0.00186535	340.117
368.8000	0.0018553	342.719
368.6000	0.00184241	345.395
368.4000	0.00182772	348.114
368.2000	0.00181016	350.869
368.0000	0.00180064	353.65
367.8000	0.00179344	356.478
367.6000	0.00178096	359.347
367.4000	0.00176825	362.286
367.2000	0.00175061	365.26
367.0000	0.00173564	368.219
366.8000	0.00172495	371.195
366.6000	0.00171809	374.219
366.4000	0.00170744	377.3
366.2000	0.0016937	380.4
366.0000	0.00167914	383.524
365.8000	0.00165232	386.646
365.6000	0.00162549	389.777
365.4000	0.00160175	392.958
365.2000	0.00157668	396.166
365.0000	0.00153472	399.395
364.8000	0.00149765	402.618
364.6000	0.00145831	405.854
364.4000	0.00141711	409.097
364.2000	0.00137156	412.364
364.0000	0.00132749	415.661
363.8000	0.00128658	418.961
363.6000	0.00123147	422.271
363.4000	0.001173	425.604
363.2000	0.0011138	428.965
363.0000	0.00105686	432.335
362.8000	0.000990796	435.738
362.6000	0.000941745	439.14
362.4000	0.000871756	442.53
362.2000	0.000787756	445.929
362.0000	0.000712076	449.334
361.8000	0.000647388	452.723
361.6000	0.000568015	456.117
361.4000	0.000477432	459.541
361.2000	0.000387112	462.948
361.0000	0.000268219	466.396
360.8000	0.000149719	469.871
360.6000	3.52478E-005	473.339
360.4000	-7.30377E-005	476.828
360.2000	-0.000194769	480.336
360.0000	-0.000340201	483.867
359.8000	-0.000470914	487.401
359.6000	-0.000618039	490.948
359.4000	-0.000776831	494.503
359.2000	-0.000919849	498.067
359.0000	-0.00108161	501.69
358.8000	-0.00127518	505.318
358.6000	-0.00148106	508.946
358.4000	-0.00169185	512.572
358.2000	-0.00189279	516.2
358.0000	-0.00212665	519.84
357.8000	-0.00235318	523.485
357.6000	-0.00256754	527.095
357.4000	-0.0028295	530.661
357.2000	-0.00310577	534.229
357.0000	-0.00342897	537.799
356.8000	-0.00374199	541.391
356.6000	-0.00404883	545.004
356.4000	-0.00436625	548.611
356.2000	-0.00473638	552.208
356.0000	-0.00515614	555.818
355.8000	-0.0055559	559.474
355.6000	-0.00597849	563.13
355.4000	-0.00638703	566.765
355.2000	-0.00681943	570.371
355.0000	-0.00729122	573.938
354.8000	-0.00778057	577.486
354.6000	-0.00829784	581.016
354.4000	-0.0087846	584.52
354.2000	-0.00931751	588.005
354.0000	-0.00983492	591.473
353.8000	-0.0103461	594.912
353.6000	-0.0109219	598.347
353.4000	-0.0115005	601.775
353.2000	-0.0121043	605.164
353.0000	-0.012718	608.5
352.8000	-0.0133559	611.817
352.6000	-0.0140431	615.101
352.4000	-0.0147341	618.313
352.2000	-0.0155081	621.481
352.0000	-0.0162699	624.633
351.8000	-0.0170504	627.699
351.6000	-0.017831	630.709
351.4000	-0.0186285	633.707
351.2000	-0.0194131	636.645
351.0000	-0.0202163	639.501
350.8000	-0.0210498	642.309
350.6000	-0.0218874	645.057
350.4000	-0.0227745	647.746
350.2000	-0.0236384	650.382
350.0000	-0.0245049	652.986
