750.0000	-0.00902791	412.031
749.8000	-0.00903759	412.011
749.6000	-0.00903662	412.005
749.4000	-0.00904088	411.997
749.2000	-0.00903904	411.986
749.0000	-0.0090442	411.986
748.8000	-0.00906234	411.975
748.6000	-0.00908817	411.95
748.4000	-0.00910424	411.912
748.2000	-0.00912011	411.79
748.0000	-0.00913761	411.561
747.8000	-0.00916261	411.327
747.6000	-0.00918509	411.085
747.4000	-0.00920094	410.821
747.2000	-0.00920752	410.549
747.0000	-0.00920774	410.27
746.8000	-0.00920871	409.987
746.6000	-0.00922452	409.72
746.4000	-0.00924352	409.584
746.2000	-0.00924647	409.443
746.0000	-0.00925198	409.295
745.8000	-0.0092678	409.148
745.6000	-0.00928134	408.981
745.4000	-0.00930154	408.796
745.2000	-0.00933225	408.614
745.0000	-0.00935888	408.435
744.8000	-0.00935847	408.27
744.6000	-0.00936607	408.117
744.4000	-0.00938818	407.96
744.2000	-0.00940358	407.801
744.0000	-0.00942284	407.647
743.8000	-0.00944088	407.501
743.6000	-0.00945514	407.365
743.4000	-0.00947294	407.228
743.2000	-0.00949113	407.011
743.0000	-0.0095305	406.684
742.8000	-0.0095443	406.368
742.6000	-0.0095644	406.065
742.4000	-0.00957832	405.782
742.2000	-0.00959965	405.526
742.0000	-0.00961552	405.289
741.8000	-0.00961828	405.06
741.6000	-0.00963049	404.864
741.4000	-0.00963536	404.84
741.2000	-0.00965166	404.826
741.0000	-0.00967432	404.828
740.8000	-0.00968866	404.834
740.6000	-0.0097011	404.848
740.4000	-0.00972001	404.854
740.2000	-0.00975162	404.863
740.0000	-0.00977114	404.882
739.8000	-0.00977692	404.89
739.6000	-0.0097866	404.896
739.4000	-0.00979916	404.883
739.2000	-0.00981407	404.85
739.0000	-0.00984157	404.787
738.8000	-0.00986888	404.717
738.6000	-0.00987014	404.63
738.4000	-0.00988121	404.436
738.2000	-0.00990279	404.121
738.0000	-0.00992819	403.78
737.8000	-0.00994491	403.416
737.6000	-0.00995415	403.034
737.4000	-0.00996879	402.645
737.2000	-0.00997853	402.205
737.0000	-0.0100048	401.712
736.8000	-0.0100355	401.2
736.6000	-0.0100671	400.792
736.4000	-0.0100976	400.361
736.2000	-0.0101331	399.901
736.0000	-0.0101691	399.438
735.8000	-0.0102112	398.962
735.6000	-0.010262	398.501
735.4000	-0.0103019	398.093
735.2000	-0.0103392	397.75
735.0000	-0.0103755	397.467
734.8000	-0.0104169	397.242
734.6000	-0.0104456	397.093
734.4000	-0.0104659	396.993
734.2000	-0.0104887	396.961
734.0000	-0.0105034	396.996
733.8000	-0.0105088	397.073
733.6000	-0.0105222	397.03
733.4000	-0.0105409	397.018
733.2000	-0.010548	397.047
733.0000	-0.0105562	397.089
732.8000	-0.0105769	397.137
732.6000	-0.0105999	397.188
732.4000	-0.0106269	397.251
732.2000	-0.0106433	397.326
732.0000	-0.0106655	397.501
731.8000	-0.0106851	397.731
731.6000	-0.0107096	397.946
731.4000	-0.0107357	398.153
731.2000	-0.0107491	398.361
731.0000	-0.0107643	398.575
730.8000	-0.0107865	398.766
730.6000	-0.0108101	398.938
730.4000	-0.0108436	399.096
730.2000	-0.0108678	399.25
730.0000	-0.0108899	399.385
729.8000	-0.0109082	399.508
729.6000	-0.0109331	399.645
729.4000	-0.0109614	399.782
729.2000	-0.0109861	399.85
729.0000	-0.0110076	399.829
728.8000	-0.0110337	399.812
728.6000	-0.0110584	399.807
728.4000	-0.0110787	399.805
728.2000	-0.0111196	399.811
728.0000	-0.0111576	399.814
727.8000	-0.0112023	399.822
727.6000	-0.0112345	399.84
727.4000	-0.0112559	399.979
727.2000	-0.0112863	400.113
727.0000	-0.0113074	400.236
726.8000	-0.0113444	400.356
726.6000	-0.011363	400.477
726.4000	-0.011382	400.587
726.2000	-0.0114025	400.678
726.0000	-0.0114228	400.754
725.8000	-0.0114597	400.841
725.6000	-0.0114859	400.917
725.4000	-0.0115185	400.983
725.2000	-0.0115538	401.045
725.0000	-0.0115824	401.088
724.8000	-0.0116347	401.056
724.6000	-0.0116801	400.929
724.4000	-0.0117211	400.791
724.2000	-0.0117677	400.641
724.0000	-0.0118111	400.484
723.8000	-0.0118562	400.326
723.6000	-0.0119074	400.142
723.4000	-0.0119605	399.925
723.2000	-0.0120014	399.713
723.0000	-0.012042	399.635
722.8000	-0.0120937	399.554
722.6000	-0.0121541	399.466
722.4000	-0.0122013	399.364
722.2000	-0.0122499	399.251
722.0000	-0.0122982	399.126
721.8000	-0.0123485	399.007
721.6000	-0.0123983	398.888
721.4000	-0.0124464	398.756
721.2000	-0.0124882	398.612
721.0000	-0.0125228	398.454
720.8000	-0.012566	398.28
720.6000	-0.012629	398.108
720.4000	-0.0126906	397.772
720.2000	-0.012748	397.428
720.0000	-0.0128144	397.086
719.8000	-0.0128867	396.734
719.6000	-0.012965	396.379
719.4000	-0.0130376	396.031
719.2000	-0.0131024	395.697
719.0000	-0.0131579	395.356
718.8000	-0.0132197	395.113
718.6000	-0.0132825	394.948
718.4000	-0.0133359	394.79
718.2000	-0.0133856	394.648
718.0000	-0.0134488	394.51
717.8000	-0.013519	394.375
717.6000	-0.0135903	394.247
717.4000	-0.0136626	394.135
717.2000	-0.0137282	394.03
717.0000	-0.0137979	393.916
716.8000	-0.0138758	393.793
716.6000	-0.0139497	393.67
716.4000	-0.0140214	393.483
716.2000	-0.0140838	393.213
716.0000	-0.0141581	392.94
715.8000	-0.0142369	392.669
715.6000	-0.0143138	392.404
715.4000	-0.0143929	392.161
715.2000	-0.0144698	391.943
715.0000	-0.0145559	391.735
714.8000	-0.014642	391.559
714.6000	-0.0147259	391.527
714.4000	-0.0148095	391.515
714.2000	-0.014894	391.528
714.0000	-0.0149774	391.558
713.8000	-0.0150596	391.599
713.6000	-0.0151434	391.662
713.4000	-0.015217	391.747
713.2000	-0.0152918	391.858
713.0000	-0.0153703	391.979
712.8000	-0.0154423	392.124
712.6000	-0.0155104	392.274
712.4000	-0.0155809	392.437
712.2000	-0.015663	392.498
712.0000	-0.0157508	392.559
711.8000	-0.015835	392.62
711.6000	-0.0159219	392.679
711.4000	-0.0160043	392.749
711.2000	-0.0161001	392.836
711.0000	-0.0161944	392.922
710.8000	-0.0162906	393.011
710.6000	-0.0163824	393.184
710.4000	-0.0164684	393.419
710.2000	-0.0165598	393.661
710.0000	-0.0166637	393.906
709.8000	-0.0167685	394.157
709.6000	-0.0168565	394.397
709.4000	-0.0169408	394.621
709.2000	-0.0170365	394.855
709.0000	-0.0171342	395.07
708.8000	-0.0172322	395.265
708.6000	-0.0173312	395.443
708.4000	-0.0174194	395.624
708.2000	-0.0175019	395.656
708.0000	-0.0176	395.667
707.8000	-0.0177026	395.679
707.6000	-0.017807	395.68
707.4000	-0.0179162	395.675
707.2000	-0.0180186	395.679
707.0000	-0.0181227	395.691
706.8000	-0.0182358	395.696
706.6000	-0.0183519	395.786
706.4000	-0.0184667	395.936
706.2000	-0.0185914	396.094
706.0000	-0.0187195	396.256
705.8000	-0.0188385	396.412
705.6000	-0.0189831	396.568
705.4000	-0.0191235	396.716
705.2000	-0.0192454	396.858
705.0000	-0.0193754	397
704.8000	-0.019516	397.141
704.6000	-0.0196591	397.271
704.4000	-0.0198025	397.251
704.2000	-0.0199419	397.216
704.0000	-0.0200677	397.177
703.8000	-0.0201958	397.134
703.6000	-0.0203342	397.097
703.4000	-0.0204818	397.053
703.2000	-0.0206157	397.005
703.0000	-0.0207525	396.97
702.8000	-0.0209007	397.039
702.6000	-0.0210509	397.165
702.4000	-0.0212187	397.3
702.2000	-0.0213824	397.443
702.0000	-0.0215582	397.577
701.8000	-0.0217184	397.711
701.6000	-0.0218907	397.859
701.4000	-0.0220736	398.002
701.2000	-0.0222423	398.137
701.0000	-0.0224151	398.278
700.8000	-0.0225844	398.434
700.6000	-0.0227725	398.443
700.4000	-0.022956	398.451
700.2000	-0.0231524	398.471
700.0000	-0.0233495	398.491
699.8000	-0.0235356	398.506
699.6000	-0.0237325	398.532
699.4000	-0.0239461	398.585
699.2000	-0.0241759	398.645
699.0000	-0.0244032	398.808
698.8000	-0.024638	399.065
698.6000	-0.0249044	399.35
698.4000	-0.0252037	399.659
698.2000	-0.0255185	399.975
698.0000	-0.0258347	400.285
697.8000	-0.0261311	400.588
697.6000	-0.0264218	400.882
697.4000	-0.0267214	401.179
697.2000	-0.0270167	401.467
697.0000	-0.0272952	401.667
696.8000	-0.0275436	401.748
696.6000	-0.0277809	401.834
696.4000	-0.028043	401.96
696.2000	-0.0283253	402.09
696.0000	-0.0286307	402.235
695.8000	-0.0289517	402.386
695.6000	-0.0292787	402.542
695.4000	-0.0295961	402.718
695.2000	-0.0299271	403.045
695.0000	-0.030284	403.4
694.8000	-0.0306252	403.753
694.6000	-0.0309582	404.109
694.4000	-0.0313045	404.496
694.2000	-0.0316565	404.918
694.0000	-0.0320136	405.348
693.8000	-0.0323929	405.779
693.6000	-0.0327821	406.233
693.4000	-0.0331732	406.627
693.2000	-0.0335604	406.93
693.0000	-0.033953	407.227
692.8000	-0.0343265	407.515
692.6000	-0.034678	407.796
692.4000	-0.0350326	408.092
692.2000	-0.0353888	408.426
692.0000	-0.0357583	408.78
691.8000	-0.0361288	409.165
691.6000	-0.0365146	409.709
691.4000	-0.0369242	410.308
691.2000	-0.0373512	410.927
691.0000	-0.0377776	411.535
690.8000	-0.0382052	412.17
690.6000	-0.0386409	412.879
690.4000	-0.0390962	413.641
690.2000	-0.0395606	414.431
690.0000	-0.0400138	415.212
689.8000	-0.0404577	415.847
689.6000	-0.0408811	416.513
689.4000	-0.0413244	417.242
689.2000	-0.041777	418.017
689.0000	-0.0422129	418.754
688.8000	-0.0426163	419.443
688.6000	-0.0429976	420.148
688.4000	-0.0433784	420.887
688.2000	-0.043762	421.735
688.0000	-0.0441318	422.637
687.8000	-0.0444961	423.52
687.6000	-0.0448506	424.399
687.4000	-0.0452081	425.294
687.2000	-0.045554	426.213
687.0000	-0.0458881	427.116
686.8000	-0.046215	428.009
686.6000	-0.0465207	428.91
686.4000	-0.0468236	429.697
686.2000	-0.0471176	430.481
686.0000	-0.0473938	431.202
685.8000	-0.0476393	431.848
685.6000	-0.0478462	432.454
685.4000	-0.0480402	433.049
685.2000	-0.0482107	433.626
685.0000	-0.0483589	434.19
684.8000	-0.0484982	434.805
684.6000	-0.0486221	435.432
684.4000	-0.0487183	436.076
684.2000	-0.0488003	436.755
684.0000	-0.0488662	437.466
683.8000	-0.0489195	438.18
683.6000	-0.0489407	438.92
683.4000	-0.0489369	439.708
683.2000	-0.0488986	440.536
683.0000	-0.04884	441.273
682.8000	-0.0487479	442.006
682.6000	-0.0486216	442.737
682.4000	-0.0484567	443.438
682.2000	-0.0482681	444.102
682.0000	-0.0480745	444.7
681.8000	-0.0478628	445.197
681.6000	-0.0476418	445.595
681.4000	-0.0474039	446.001
681.2000	-0.047143	446.398
681.0000	-0.046876	446.727
680.8000	-0.0465959	447.007
680.6000	-0.0463195	447.245
680.4000	-0.0460121	447.442
680.2000	-0.0456765	447.611
680.0000	-0.045322	447.753
679.8000	-0.0449781	447.795
679.6000	-0.0446385	447.71
679.4000	-0.0442668	447.589
679.2000	-0.0438749	447.441
679.0000	-0.0434791	447.27
678.8000	-0.0430855	447.075
678.6000	-0.0427017	446.863
678.4000	-0.0423016	446.622
678.2000	-0.0418858	446.383
678.0000	-0.0414331	446.262
677.8000	-0.041013	446.146
677.6000	-0.0406263	446.006
677.4000	-0.0402319	445.844
677.2000	-0.0398147	445.667
677.0000	-0.039398	445.47
676.8000	-0.0389872	445.268
676.6000	-0.0385979	444.996
676.4000	-0.0382083	444.619
676.2000	-0.0378108	444.214
676.0000	-0.0373813	443.804
675.8000	-0.0369598	443.393
675.6000	-0.0365638	442.978
675.4000	-0.0361613	442.558
675.2000	-0.0357602	442.119
675.0000	-0.0353464	441.691
674.8000	-0.0349521	441.401
674.6000	-0.0345697	441.129
674.4000	-0.0342111	440.861
674.2000	-0.0338745	440.582
674.0000	-0.0335341	440.303
673.8000	-0.0332054	440.021
673.6000	-0.032905	439.742
673.4000	-0.032625	439.316
673.2000	-0.0323352	438.866
673.0000	-0.0320459	438.415
672.8000	-0.0317806	437.966
672.6000	-0.0315103	437.51
672.4000	-0.0312398	437.042
672.2000	-0.0309751	436.567
672.0000	-0.0307121	436.089
671.8000	-0.0304446	435.696
671.6000	-0.03019	435.344
671.4000	-0.0299272	434.966
671.2000	-0.0296457	434.555
671.0000	-0.029361	434.149
670.8000	-0.0291028	433.758
670.6000	-0.0288659	433.339
670.4000	-0.0286233	432.822
670.2000	-0.0283862	432.202
670.0000	-0.0281453	431.601
669.8000	-0.0279127	430.979
669.6000	-0.0276794	430.342
669.4000	-0.0274534	429.69
669.2000	-0.0272113	429.01
669.0000	-0.0269709	428.334
668.8000	-0.0267331	427.683
668.6000	-0.0264995	427.152
668.4000	-0.0262615	426.613
668.2000	-0.0260229	426.074
668.0000	-0.0257979	425.565
667.8000	-0.0255797	425.063
667.6000	-0.0253583	424.545
667.4000	-0.025135	423.95
667.2000	-0.0249047	423.275
667.0000	-0.0246715	422.625
666.8000	-0.0244517	421.978
666.6000	-0.0242411	421.352
666.4000	-0.0240321	420.713
666.2000	-0.0238176	420.053
666.0000	-0.0236016	419.407
665.8000	-0.0233912	418.785
665.6000	-0.0231676	418.268
665.4000	-0.0229419	417.758
665.2000	-0.0227179	417.249
665.0000	-0.0224925	416.724
664.8000	-0.0222537	416.168
664.6000	-0.0220067	415.608
664.4000	-0.0217492	414.97
664.2000	-0.0215018	414.259
664.0000	-0.0212538	413.585
663.8000	-0.0210245	412.927
663.6000	-0.0207919	412.266
663.4000	-0.0205569	411.619
663.2000	-0.0203255	410.989
663.0000	-0.0201151	410.394
662.8000	-0.0199179	409.834
662.6000	-0.0197205	409.397
662.4000	-0.0195158	408.961
662.2000	-0.019314	408.516
662.0000	-0.0191206	408.067
661.8000	-0.0189333	407.627
661.6000	-0.0187547	407.198
661.4000	-0.0185772	406.675
661.2000	-0.0184009	406.152
661.0000	-0.0182333	405.644
660.8000	-0.0180817	405.148
660.6000	-0.0179429	404.66
660.4000	-0.0178089	404.188
660.2000	-0.0176733	403.729
660.0000	-0.0175384	403.276
659.8000	-0.0173993	402.887
659.6000	-0.0172682	402.542
659.4000	-0.0171464	402.218
659.2000	-0.0170414	401.905
659.0000	-0.0169438	401.593
658.8000	-0.0168518	401.286
658.6000	-0.0167655	400.868
658.4000	-0.0166821	400.456
658.2000	-0.0166185	400.073
658.0000	-0.016559	399.707
657.8000	-0.0165062	399.339
657.6000	-0.0164436	398.974
657.4000	-0.0163833	398.623
657.2000	-0.0163224	398.298
657.0000	-0.016264	398.052
656.8000	-0.0162101	397.856
656.6000	-0.0161491	397.657
656.4000	-0.0160991	397.459
656.2000	-0.0160442	397.277
656.0000	-0.0159985	397.103
655.8000	-0.015946	396.811
655.6000	-0.0158882	396.497
655.4000	-0.0158202	396.182
655.2000	-0.0157636	395.871
655.0000	-0.0157041	395.563
654.8000	-0.0156356	395.27
654.6000	-0.0155767	394.975
654.4000	-0.0155005	394.675
654.2000	-0.0154105	394.445
654.0000	-0.0153246	394.267
653.8000	-0.0152434	394.093
653.6000	-0.0151507	393.921
653.4000	-0.0150543	393.749
653.2000	-0.0149582	393.563
653.0000	-0.014857	393.245
652.8000	-0.0147461	392.918
652.6000	-0.0146354	392.6
652.4000	-0.0145329	392.286
652.2000	-0.0144286	391.964
652.0000	-0.0143279	391.622
651.8000	-0.0142231	391.27
651.6000	-0.0141133	390.902
651.4000	-0.0139983	390.611
651.2000	-0.0138939	390.367
651.0000	-0.0137914	390.119
650.8000	-0.0136782	389.876
650.6000	-0.0135676	389.645
650.4000	-0.0134521	389.37
650.2000	-0.0133396	389.023
650.0000	-0.0132391	388.701
649.8000	-0.0131366	388.388
649.6000	-0.013042	388.087
649.4000	-0.0129597	387.793
649.2000	-0.0128843	387.489
649.0000	-0.0128073	387.173
648.8000	-0.0127506	386.871
648.6000	-0.0126933	386.694
648.4000	-0.012647	386.523
648.2000	-0.0126139	386.353
648.0000	-0.0125825	386.184
647.8000	-0.0125451	385.96
647.6000	-0.0125202	385.672
647.4000	-0.0124999	385.393
647.2000	-0.0124742	385.114
647.0000	-0.0124604	384.836
646.8000	-0.0124449	384.564
646.6000	-0.0124342	384.294
646.4000	-0.0124384	384.018
646.2000	-0.012453	383.744
646.0000	-0.0124666	383.582
645.8000	-0.0124861	383.423
645.6000	-0.012517	383.256
645.4000	-0.0125361	383.084
645.2000	-0.0125606	382.851
645.0000	-0.0125884	382.542
644.8000	-0.0126076	382.237
644.6000	-0.0126229	381.929
644.4000	-0.0126503	381.626
644.2000	-0.0126745	381.323
644.0000	-0.0126962	381.034
643.8000	-0.0127277	380.746
643.6000	-0.0127654	380.462
643.4000	-0.0127927	380.272
643.2000	-0.0128189	380.092
643.0000	-0.0128518	379.931
642.8000	-0.0128674	379.774
642.6000	-0.0128881	379.558
642.4000	-0.0128993	379.258
642.2000	-0.0129051	378.959
642.0000	-0.0129089	378.668
641.8000	-0.0129097	378.385
641.6000	-0.0129058	378.105
641.4000	-0.0128917	377.803
641.2000	-0.0128961	377.492
641.0000	-0.0128867	377.195
640.8000	-0.0128789	377.01
640.6000	-0.0128793	376.828
640.4000	-0.0128653	376.643
640.2000	-0.0128415	376.463
640.0000	-0.0128304	376.177
639.8000	-0.0128132	375.883
639.6000	-0.0127893	375.597
639.4000	-0.0127625	375.319
639.2000	-0.0127288	375.033
639.0000	-0.0126901	374.747
638.8000	-0.0126504	374.469
638.6000	-0.0126208	374.192
638.4000	-0.0125838	373.989
638.2000	-0.0125411	373.837
638.0000	-0.0125073	373.68
637.8000	-0.0124693	373.507
637.6000	-0.012427	373.24
637.4000	-0.0123932	372.977
637.2000	-0.0123691	372.708
637.0000	-0.0123416	372.446
636.8000	-0.012319	372.189
636.6000	-0.0122932	371.925
636.4000	-0.0122652	371.674
636.2000	-0.012233	371.427
636.0000	-0.0122113	371.258
635.8000	-0.0121907	371.133
635.6000	-0.0121597	371.015
635.4000	-0.0121361	370.898
635.2000	-0.0121186	370.732
635.0000	-0.0121042	370.506
634.8000	-0.0120867	370.283
634.6000	-0.012077	370.079
634.4000	-0.012071	369.875
634.2000	-0.0120671	369.677
634.0000	-0.0120623	369.484
633.8000	-0.012055	369.296
633.6000	-0.0120482	369.127
633.4000	-0.0120474	369.056
633.2000	-0.0120477	368.994
633.0000	-0.0120527	368.929
632.8000	-0.0120528	368.773
632.6000	-0.0120507	368.611
632.4000	-0.0120559	368.446
632.2000	-0.0120651	368.287
632.0000	-0.0120761	368.139
631.8000	-0.0120798	367.992
631.6000	-0.0120815	367.844
631.4000	-0.0120875	367.703
631.2000	-0.0120908	367.629
631.0000	-0.0120931	367.603
630.8000	-0.0120915	367.583
630.6000	-0.0120966	367.565
630.4000	-0.012106	367.446
630.2000	-0.012109	367.315
630.0000	-0.0121254	367.188
629.8000	-0.0121396	367.065
629.6000	-0.0121522	366.937
629.4000	-0.012177	366.809
629.2000	-0.0122025	366.674
629.0000	-0.0122177	366.549
628.8000	-0.0122252	366.489
628.6000	-0.0122427	366.469
628.4000	-0.0122628	366.448
628.2000	-0.0122671	366.386
628.0000	-0.012284	366.258
627.8000	-0.0123	366.136
627.6000	-0.0123161	366.013
627.4000	-0.0123373	365.885
627.2000	-0.0123604	365.756
627.0000	-0.0123769	365.626
626.8000	-0.0123917	365.493
626.6000	-0.0124089	365.369
626.4000	-0.0124348	365.335
626.2000	-0.0124424	365.307
626.0000	-0.0124543	365.279
625.8000	-0.0124656	365.154
625.6000	-0.0124836	365.016
625.4000	-0.0124963	364.88
625.2000	-0.0125077	364.749
625.0000	-0.0125241	364.617
624.8000	-0.0125374	364.487
624.6000	-0.0125561	364.348
624.4000	-0.0125831	364.207
624.2000	-0.0125996	364.126
624.0000	-0.0126142	364.091
623.8000	-0.0126236	364.051
623.6000	-0.0126365	363.903
623.4000	-0.0126514	363.75
623.2000	-0.0126617	363.593
623.0000	-0.0126711	363.441
622.8000	-0.0126719	363.288
622.6000	-0.0126775	363.147
622.4000	-0.0126898	362.998
622.2000	-0.0127091	362.852
622.0000	-0.0127302	362.776
621.8000	-0.0127384	362.747
621.6000	-0.0127443	362.716
621.4000	-0.0127513	362.592
621.2000	-0.012761	362.458
621.0000	-0.0127698	362.329
620.8000	-0.0127708	362.187
620.6000	-0.0127634	362.051
620.4000	-0.0127532	361.916
620.2000	-0.0127458	361.775
620.0000	-0.0127404	361.643
619.8000	-0.0127456	361.565
619.6000	-0.0127404	361.528
619.4000	-0.0127241	361.49
619.2000	-0.0127211	361.364
619.0000	-0.0127203	361.239
618.8000	-0.0127182	361.104
618.6000	-0.012716	360.984
618.4000	-0.0127065	360.855
618.2000	-0.012698	360.719
618.0000	-0.0126903	360.59
617.8000	-0.0127013	360.453
617.6000	-0.0127066	360.374
617.4000	-0.01271	360.338
617.2000	-0.012711	360.258
617.0000	-0.0127153	360.111
616.8000	-0.0127227	359.957
616.6000	-0.0127336	359.803
616.4000	-0.0127281	359.652
616.2000	-0.0127217	359.499
616.0000	-0.0127112	359.351
615.8000	-0.0127015	359.211
615.6000	-0.0126926	359.072
615.4000	-0.0126846	359.017
615.2000	-0.0126762	358.967
615.0000	-0.0126689	358.839
614.8000	-0.0126608	358.706
614.6000	-0.0126544	358.56
614.4000	-0.0126474	358.426
614.2000	-0.0126399	358.279
614.0000	-0.0126332	358.131
613.8000	-0.0126306	357.998
613.6000	-0.0126252	357.859
613.4000	-0.0126097	357.771
613.2000	-0.0126002	357.726
613.0000	-0.0125895	357.6
612.8000	-0.0125684	357.455
612.6000	-0.0125458	357.317
612.4000	-0.0125263	357.184
612.2000	-0.0125086	357.04
612.0000	-0.0124932	356.896
611.8000	-0.0124838	356.759
611.6000	-0.0124746	356.62
611.4000	-0.0124644	356.537
611.2000	-0.0124609	356.502
611.0000	-0.0124527	356.415
610.8000	-0.0124418	356.279
610.6000	-0.0124272	356.151
610.4000	-0.0124143	356.021
610.2000	-0.0123992	355.891
610.0000	-0.0123809	355.755
609.8000	-0.0123609	355.617
609.6000	-0.0123422	355.486
609.4000	-0.0123154	355.363
609.2000	-0.0122933	355.328
609.0000	-0.0122777	355.253
608.8000	-0.0122636	355.127
608.6000	-0.0122492	355.002
608.4000	-0.0122327	354.887
608.2000	-0.0122283	354.778
608.0000	-0.0122134	354.671
607.8000	-0.0122075	354.555
607.6000	-0.0122079	354.443
607.4000	-0.0121976	354.336
607.2000	-0.0121835	354.306
607.0000	-0.0121678	354.246
606.8000	-0.0121525	354.116
606.6000	-0.0121328	353.984
606.4000	-0.0121191	353.856
606.2000	-0.0121194	353.731
606.0000	-0.0121158	353.607
605.8000	-0.01211	353.485
605.6000	-0.0121095	353.364
605.4000	-0.0121026	353.241
605.2000	-0.0120983	353.212
605.0000	-0.0121032	353.104
604.8000	-0.0121035	352.987
604.6000	-0.012098	352.871
604.4000	-0.0120935	352.751
604.2000	-0.0120907	352.625
604.0000	-0.0120902	352.511
603.8000	-0.0120968	352.402
603.6000	-0.0121071	352.295
603.4000	-0.0121083	352.238
603.2000	-0.0121052	352.223
603.0000	-0.0121052	352.127
602.8000	-0.0121042	352.035
602.6000	-0.0121086	351.947
602.4000	-0.0121196	351.839
602.2000	-0.0121231	351.738
602.0000	-0.0121243	351.632
601.8000	-0.0121272	351.524
601.6000	-0.0121301	351.412
601.4000	-0.0121311	351.35
601.2000	-0.0121356	351.236
601.0000	-0.0121429	351.114
600.8000	-0.0121475	350.998
600.6000	-0.0121509	350.872
600.4000	-0.0121579	350.756
600.2000	-0.0121571	350.643
600.0000	-0.0121661	350.527
599.8000	-0.0121748	350.403
599.6000	-0.0121846	350.341
599.4000	-0.0121885	350.273
599.2000	-0.0121904	350.152
599.0000	-0.0121929	350.045
598.8000	-0.012195	349.926
598.6000	-0.0122028	349.811
598.4000	-0.0122099	349.696
598.2000	-0.0122145	349.581
598.0000	-0.0122142	349.465
597.8000	-0.0122148	349.361
597.6000	-0.012225	349.337
597.4000	-0.012233	349.224
597.2000	-0.0122419	349.108
597.0000	-0.0122422	348.989
596.8000	-0.0122411	348.87
596.6000	-0.0122496	348.755
596.4000	-0.0122539	348.635
596.2000	-0.0122637	348.511
596.0000	-0.0122733	348.388
595.8000	-0.0122807	348.317
595.6000	-0.0122765	348.203
595.4000	-0.0122796	348.081
595.2000	-0.012288	347.96
595.0000	-0.0122897	347.836
594.8000	-0.0122948	347.713
594.6000	-0.0123036	347.593
594.4000	-0.0123088	347.468
594.2000	-0.0123027	347.339
594.0000	-0.0122996	347.266
593.8000	-0.0122959	347.158
593.6000	-0.0122852	347.043
593.4000	-0.0122781	346.931
593.2000	-0.0122741	346.811
593.0000	-0.0122659	346.693
592.8000	-0.012258	346.581
592.6000	-0.0122501	346.473
592.4000	-0.0122425	346.36
592.2000	-0.0122385	346.291
592.0000	-0.0122502	346.172
591.8000	-0.0122601	346.04
591.6000	-0.0122583	345.917
591.4000	-0.0122557	345.8
591.2000	-0.0122505	345.677
591.0000	-0.0122397	345.554
590.8000	-0.0122323	345.424
590.6000	-0.0122255	345.302
590.4000	-0.0122189	345.192
590.2000	-0.0122039	345.076
590.0000	-0.0121986	344.966
589.8000	-0.012189	344.849
589.6000	-0.0121793	344.733
589.4000	-0.0121835	344.622
589.2000	-0.0121899	344.508
589.0000	-0.0121933	344.398
588.8000	-0.0121898	344.301
588.6000	-0.0121799	344.2
588.4000	-0.0121763	344.096
588.2000	-0.0121772	343.989
588.0000	-0.0121834	343.883
587.8000	-0.0121794	343.772
587.6000	-0.0121691	343.667
587.4000	-0.0121621	343.56
587.2000	-0.0121656	343.452
587.0000	-0.012171	343.358
586.8000	-0.0121699	343.242
586.6000	-0.0121761	343.126
586.4000	-0.0121668	343.015
586.2000	-0.0121592	342.9
586.0000	-0.0121577	342.781
585.8000	-0.012161	342.669
585.6000	-0.0121675	342.559
585.4000	-0.0121724	342.459
585.2000	-0.0121711	342.364
585.0000	-0.0121667	342.262
584.8000	-0.0121651	342.16
584.6000	-0.0121748	342.055
584.4000	-0.0121833	341.958
584.2000	-0.012197	341.864
584.0000	-0.0122015	341.76
583.8000	-0.0121992	341.663
583.6000	-0.0122084	341.572
583.4000	-0.0122239	341.465
583.2000	-0.0122328	341.364
583.0000	-0.0122444	341.262
582.8000	-0.0122483	341.166
582.6000	-0.0122398	341.065
582.4000	-0.0122376	340.964
582.2000	-0.0122467	340.864
582.0000	-0.0122608	340.732
581.8000	-0.012269	340.626
581.6000	-0.0122792	340.523
581.4000	-0.0122951	340.418
581.2000	-0.0123129	340.306
581.0000	-0.0123332	340.198
580.8000	-0.0123554	340.099
580.6000	-0.0123708	339.995
580.4000	-0.0123805	339.899
580.2000	-0.0123923	339.809
580.0000	-0.012406	339.705
579.8000	-0.0124163	339.599
579.6000	-0.012423	339.5
579.4000	-0.0124419	339.397
579.2000	-0.0124643	339.288
579.0000	-0.0124805	339.178
578.8000	-0.0124982	339.068
578.6000	-0.0125172	338.928
578.4000	-0.0125308	338.817
578.2000	-0.0125446	338.71
578.0000	-0.0125647	338.597
577.8000	-0.0125796	338.485
577.6000	-0.0125812	338.375
577.4000	-0.0125907	338.266
577.2000	-0.0126023	338.126
577.0000	-0.0126124	337.993
576.8000	-0.0126286	337.881
576.6000	-0.0126589	337.778
576.4000	-0.0126788	337.673
576.2000	-0.0126947	337.573
576.0000	-0.0127247	337.47
575.8000	-0.0127524	337.366
575.6000	-0.0127783	337.243
575.4000	-0.0128026	337.141
575.2000	-0.012823	337.042
575.0000	-0.0128329	336.943
574.8000	-0.0128467	336.838
574.6000	-0.0128737	336.732
574.4000	-0.0128997	336.628
574.2000	-0.012919	336.523
574.0000	-0.0129335	336.395
573.8000	-0.0129442	336.276
573.6000	-0.0129617	336.164
573.4000	-0.0129841	336.047
573.2000	-0.0130003	335.935
573.0000	-0.0130147	335.824
572.8000	-0.0130271	335.706
572.6000	-0.0130439	335.594
572.4000	-0.0130627	335.42
572.2000	-0.0130868	335.308
572.0000	-0.0131054	335.2
571.8000	-0.0131198	335.095
571.6000	-0.0131432	334.989
571.4000	-0.013162	334.875
571.2000	-0.0131822	334.766
571.0000	-0.0132001	334.623
570.8000	-0.0132174	334.478
570.6000	-0.0132355	334.366
570.4000	-0.013257	334.256
570.2000	-0.0132839	334.148
570.0000	-0.0133068	334.047
569.8000	-0.0133324	333.955
569.6000	-0.0133529	333.85
569.4000	-0.0133618	333.693
569.2000	-0.0133797	333.597
569.0000	-0.0134042	333.502
568.8000	-0.0134227	333.408
568.6000	-0.0134384	333.313
568.4000	-0.0134601	333.219
568.2000	-0.0134743	333.121
568.0000	-0.0134906	333.001
567.8000	-0.0135185	332.883
567.6000	-0.0135441	332.796
567.4000	-0.0135592	332.713
567.2000	-0.0135785	332.632
567.0000	-0.0136075	332.544
566.8000	-0.0136248	332.462
566.6000	-0.0136421	332.348
566.4000	-0.0136591	332.195
566.2000	-0.0136729	332.105
566.0000	-0.0136877	332.023
565.8000	-0.0137015	331.937
565.6000	-0.0137171	331.849
565.4000	-0.0137295	331.765
565.2000	-0.0137392	331.678
565.0000	-0.0137589	331.534
564.8000	-0.0137821	331.456
564.6000	-0.0138027	331.376
564.4000	-0.0138308	331.296
564.2000	-0.0138572	331.219
564.0000	-0.0138805	331.141
563.8000	-0.0139044	331.061
563.6000	-0.0139251	330.928
563.4000	-0.0139424	330.835
563.2000	-0.0139546	330.761
563.0000	-0.0139685	330.69
562.8000	-0.0139768	330.62
562.6000	-0.0139854	330.554
562.4000	-0.0140037	330.485
562.2000	-0.0140238	330.342
562.0000	-0.0140412	330.237
561.8000	-0.0140671	330.151
561.6000	-0.014095	330.068
561.4000	-0.0141235	329.991
561.2000	-0.0141512	329.913
561.0000	-0.0141825	329.833
560.8000	-0.0142092	329.694
560.6000	-0.0142396	329.602
560.4000	-0.014272	329.544
560.2000	-0.014303	329.484
560.0000	-0.0143362	329.425
559.8000	-0.0143656	329.366
559.6000	-0.014401	329.311
559.4000	-0.0144371	329.188
559.2000	-0.0144755	329.098
559.0000	-0.01451	329.037
558.8000	-0.0145493	328.975
558.6000	-0.0145887	328.917
558.4000	-0.0146234	328.863
558.2000	-0.0146637	328.808
558.0000	-0.0147063	328.685
557.8000	-0.0147367	328.605
557.6000	-0.0147709	328.553
557.4000	-0.0148059	328.501
557.2000	-0.0148289	328.447
557.0000	-0.0148568	328.394
556.8000	-0.0148924	328.316
556.6000	-0.0149305	328.196
556.4000	-0.0149654	328.115
556.2000	-0.0150016	328.073
556.0000	-0.0150329	328.029
555.8000	-0.0150679	327.986
555.6000	-0.0151083	327.949
555.4000	-0.0151523	327.849
555.2000	-0.0151915	327.747
555.0000	-0.0152172	327.695
554.8000	-0.0152431	327.657
554.6000	-0.0152756	327.618
554.4000	-0.0153191	327.576
554.2000	-0.0153554	327.539
554.0000	-0.0153846	327.441
553.8000	-0.015412	327.383
553.6000	-0.0154425	327.356
553.4000	-0.015483	327.333
553.2000	-0.0155162	327.316
553.0000	-0.0155512	327.295
552.8000	-0.0155862	327.261
552.6000	-0.015621	327.183
552.4000	-0.0156621	327.144
552.2000	-0.0156983	327.13
552.0000	-0.0157344	327.119
551.8000	-0.0157653	327.111
551.6000	-0.0158033	327.098
551.4000	-0.0158457	327.017
551.2000	-0.0158869	326.943
551.0000	-0.0159255	326.92
550.8000	-0.0159582	326.899
550.6000	-0.015991	326.873
550.4000	-0.0160262	326.854
550.2000	-0.0160635	326.801
550.0000	-0.0160973	326.712
549.8000	-0.0161247	326.66
549.6000	-0.016154	326.629
549.4000	-0.0161752	326.595
549.2000	-0.0161961	326.563
549.0000	-0.0162247	326.501
548.8000	-0.0162554	326.401
548.6000	-0.0162834	326.313
548.4000	-0.0163073	326.281
548.2000	-0.0163292	326.261
548.0000	-0.0163565	326.241
547.8000	-0.0163805	326.214
547.6000	-0.0164077	326.125
547.4000	-0.0164396	326.041
547.2000	-0.016467	326.015
547.0000	-0.0164935	325.987
546.8000	-0.0165194	325.961
546.6000	-0.016548	325.93
546.4000	-0.0165755	325.844
546.2000	-0.0166102	325.759
546.0000	-0.0166467	325.719
545.8000	-0.0166767	325.703
545.6000	-0.016709	325.683
545.4000	-0.0167329	325.661
545.2000	-0.0167635	325.608
545.0000	-0.0167923	325.523
544.8000	-0.0168133	325.473
544.6000	-0.0168288	325.449
544.4000	-0.0168449	325.422
544.2000	-0.016862	325.402
544.0000	-0.0168809	325.359
543.8000	-0.0169036	325.279
543.6000	-0.0169297	325.209
543.4000	-0.0169544	325.194
543.2000	-0.0169857	325.176
543.0000	-0.0170189	325.164
542.8000	-0.0170514	325.13
542.6000	-0.0170825	325.065
542.4000	-0.0171057	325.01
542.2000	-0.0171371	325.007
542.0000	-0.0171656	325.011
541.8000	-0.0171926	325.015
541.6000	-0.0172236	325
541.4000	-0.0172549	324.947
541.2000	-0.0172902	324.907
541.0000	-0.0173195	324.914
540.8000	-0.0173562	324.918
540.6000	-0.017388	324.93
540.4000	-0.0174122	324.915
540.2000	-0.017441	324.865
540.0000	-0.0174736	324.821
539.8000	-0.0175043	324.83
539.6000	-0.0175318	324.831
539.4000	-0.0175686	324.834
539.2000	-0.0176057	324.772
539.0000	-0.0176464	324.708
538.8000	-0.0176871	324.643
538.6000	-0.0177192	324.632
538.4000	-0.0177522	324.617
538.2000	-0.0177852	324.602
538.0000	-0.0178253	324.529
537.8000	-0.0178636	324.443
537.6000	-0.0179004	324.394
537.4000	-0.0179346	324.376
537.2000	-0.0179686	324.358
537.0000	-0.0180151	324.341
536.8000	-0.0180613	324.275
536.6000	-0.0181038	324.208
536.4000	-0.0181426	324.179
536.2000	-0.0181763	324.177
536.0000	-0.0182109	324.185
535.8000	-0.0182488	324.154
535.6000	-0.0182908	324.097
535.4000	-0.0183339	324.034
535.2000	-0.018381	324.006
535.0000	-0.0184334	323.996
534.8000	-0.0184826	323.992
534.6000	-0.0185414	323.934
534.4000	-0.0186004	323.876
534.2000	-0.0186514	323.831
534.0000	-0.018699	323.843
533.8000	-0.0187494	323.86
533.6000	-0.0187992	323.877
533.4000	-0.0188579	323.846
533.2000	-0.0189124	323.813
533.0000	-0.01897	323.825
532.8000	-0.0190185	323.861
532.6000	-0.0190752	323.888
532.4000	-0.0191417	323.887
532.2000	-0.0192083	323.852
532.0000	-0.0192697	323.819
531.8000	-0.0193226	323.821
531.6000	-0.019386	323.84
531.4000	-0.0194495	323.857
531.2000	-0.019517	323.812
531.0000	-0.0195943	323.769
530.8000	-0.0196631	323.737
530.6000	-0.0197322	323.757
530.4000	-0.0198044	323.776
530.2000	-0.0198772	323.773
530.0000	-0.019953	323.741
529.8000	-0.0200257	323.705
529.6000	-0.0201028	323.71
529.4000	-0.0201764	323.751
529.2000	-0.0202555	323.767
529.0000	-0.0203393	323.753
528.8000	-0.0204226	323.74
528.6000	-0.0205147	323.736
528.4000	-0.0205985	323.793
528.2000	-0.0206848	323.859
528.0000	-0.0207722	323.878
527.8000	-0.0208568	323.893
527.6000	-0.0209528	323.913
527.4000	-0.0210446	323.987
527.2000	-0.0211385	324.073
527.0000	-0.0212361	324.136
526.8000	-0.0213333	324.162
526.6000	-0.0214333	324.185
526.4000	-0.0215347	324.239
526.2000	-0.0216356	324.314
526.0000	-0.0217358	324.369
525.8000	-0.0218369	324.396
525.6000	-0.0219383	324.417
525.4000	-0.022041	324.445
525.2000	-0.0221474	324.534
525.0000	-0.0222562	324.627
524.8000	-0.0223638	324.68
524.6000	-0.0224759	324.733
524.4000	-0.0225913	324.793
524.2000	-0.0227044	324.899
524.0000	-0.0228146	325.014
523.8000	-0.0229356	325.079
523.6000	-0.0230595	325.136
523.4000	-0.0231788	325.192
523.2000	-0.0232976	325.283
523.0000	-0.0234191	325.395
522.8000	-0.0235419	325.459
522.6000	-0.0236655	325.532
522.4000	-0.0237935	325.601
522.2000	-0.0239211	325.707
522.0000	-0.0240412	325.841
521.8000	-0.0241666	325.923
521.6000	-0.0243008	326.006
521.4000	-0.0244354	326.084
521.2000	-0.0245638	326.195
521.0000	-0.0246943	326.334
520.8000	-0.0248289	326.419
520.6000	-0.0249545	326.503
520.4000	-0.0250844	326.583
520.2000	-0.0252156	326.707
520.0000	-0.0253351	326.854
519.8000	-0.0254557	326.959
519.6000	-0.0255805	327.067
519.4000	-0.0257067	327.168
519.2000	-0.0258271	327.303
519.0000	-0.0259495	327.462
518.8000	-0.0260765	327.572
518.6000	-0.0262088	327.682
518.4000	-0.0263475	327.788
518.2000	-0.0264855	327.928
518.0000	-0.0266187	328.084
517.8000	-0.0267497	328.198
517.6000	-0.0268819	328.311
517.4000	-0.0270164	328.423
517.2000	-0.0271508	328.574
517.0000	-0.0272726	328.751
516.8000	-0.0273869	328.882
516.6000	-0.0275147	329.011
516.4000	-0.0276476	329.14
516.2000	-0.0277858	329.311
516.0000	-0.0279226	329.5
515.8000	-0.0280608	329.633
515.6000	-0.0281972	329.765
515.4000	-0.028335	329.894
515.2000	-0.0284804	330.058
515.0000	-0.0286131	330.222
514.8000	-0.0287381	330.359
514.6000	-0.0288659	330.499
514.4000	-0.0289981	330.64
514.2000	-0.0291294	330.826
514.0000	-0.0292571	331.016
513.8000	-0.02939	331.181
513.6000	-0.0295137	331.35
513.4000	-0.029648	331.529
513.2000	-0.0297856	331.763
513.0000	-0.0299196	331.951
512.8000	-0.0300496	332.134
512.6000	-0.0301842	332.324
512.4000	-0.0303165	332.527
512.2000	-0.0304436	332.76
512.0000	-0.0305776	332.966
511.8000	-0.0307025	333.168
511.6000	-0.0308237	333.366
511.4000	-0.0309464	333.606
511.2000	-0.0310659	333.845
511.0000	-0.031171	334.044
510.8000	-0.031278	334.236
510.6000	-0.0313944	334.43
510.4000	-0.0314977	334.666
510.2000	-0.0316041	334.852
510.0000	-0.0317075	335.04
509.8000	-0.0318107	335.224
509.6000	-0.0319107	335.412
509.4000	-0.0320102	335.627
509.2000	-0.032105	335.824
509.0000	-0.0321957	336.02
508.8000	-0.0322879	336.219
508.6000	-0.0323834	336.452
508.4000	-0.032476	336.651
508.2000	-0.0325654	336.845
508.0000	-0.0326469	337.018
507.8000	-0.0327287	337.201
507.6000	-0.032816	337.398
507.4000	-0.0329006	337.568
507.2000	-0.0329801	337.736
507.0000	-0.0330541	337.898
506.8000	-0.0331236	338.099
506.6000	-0.0331944	338.27
506.4000	-0.033258	338.441
506.2000	-0.0333282	338.616
506.0000	-0.0333937	338.796
505.8000	-0.0334484	338.994
505.6000	-0.0335031	339.163
505.4000	-0.0335548	339.328
505.2000	-0.0336037	339.492
505.0000	-0.0336541	339.688
504.8000	-0.0337032	339.866
504.6000	-0.0337464	340.04
504.4000	-0.0337869	340.216
504.2000	-0.0338249	340.407
504.0000	-0.0338634	340.599
503.8000	-0.0338942	340.804
503.6000	-0.0339245	341.011
503.4000	-0.0339514	341.235
503.2000	-0.0339731	341.473
503.0000	-0.0339941	341.706
502.8000	-0.034013	341.942
502.6000	-0.0340274	342.177
502.4000	-0.0340436	342.442
502.2000	-0.0340595	342.682
502.0000	-0.0340755	342.924
501.8000	-0.0340835	343.16
501.6000	-0.0340913	343.399
501.4000	-0.0340932	343.627
501.2000	-0.0340846	343.851
501.0000	-0.0340795	344.073
500.8000	-0.0340647	344.295
500.6000	-0.034057	344.529
500.4000	-0.0340452	344.739
500.2000	-0.0340322	344.941
500.0000	-0.0340169	345.138
499.8000	-0.0339972	345.343
499.6000	-0.0339829	345.547
499.4000	-0.0339624	345.75
499.2000	-0.0339392	345.952
499.0000	-0.033912	346.123
498.8000	-0.033874	346.302
498.6000	-0.033832	346.484
498.4000	-0.0337923	346.66
498.2000	-0.0337473	346.831
498.0000	-0.0337049	346.996
497.8000	-0.0336573	347.147
497.6000	-0.0336153	347.291
497.4000	-0.0335614	347.444
497.2000	-0.0335033	347.586
497.0000	-0.0334441	347.717
496.8000	-0.0333894	347.83
496.6000	-0.0333385	347.931
496.4000	-0.0332852	347.992
496.2000	-0.0332266	348.056
496.0000	-0.0331644	348.108
495.8000	-0.033107	348.13
495.6000	-0.0330535	348.119
495.4000	-0.0330007	348.116
495.2000	-0.0329427	348.098
495.0000	-0.0328801	348.053
494.8000	-0.0328135	347.967
494.6000	-0.0327496	347.871
494.4000	-0.0326816	347.753
494.2000	-0.0326148	347.619
494.0000	-0.0325525	347.451
493.8000	-0.03249	347.281
493.6000	-0.0324235	347.102
493.4000	-0.0323574	346.945
493.2000	-0.0322918	346.796
493.0000	-0.0322334	346.705
492.8000	-0.0321821	346.657
492.6000	-0.0321285	346.658
492.4000	-0.0320782	346.714
492.2000	-0.0320301	346.871
492.0000	-0.0319874	347.108
491.8000	-0.0319482	347.424
491.6000	-0.0319087	347.795
491.4000	-0.0318654	348.247
491.2000	-0.0318242	348.745
491.0000	-0.0317817	349.28
490.8000	-0.0317281	349.808
490.6000	-0.0316733	350.333
490.4000	-0.031624	350.833
490.2000	-0.0315814	351.274
490.0000	-0.0315387	351.671
489.8000	-0.0314935	352.035
489.6000	-0.0314456	352.351
489.4000	-0.0314086	352.599
489.2000	-0.0313728	352.806
489.0000	-0.0313469	353.009
488.8000	-0.0313184	353.184
488.6000	-0.031287	353.317
488.4000	-0.0312587	353.444
488.2000	-0.0312388	353.551
488.0000	-0.0312292	353.641
487.8000	-0.0312197	353.671
487.6000	-0.0312098	353.722
487.4000	-0.0312049	353.74
487.2000	-0.0311893	353.732
487.0000	-0.03118	353.66
486.8000	-0.0311791	353.589
486.6000	-0.0311788	353.499
486.4000	-0.0311857	353.353
486.2000	-0.0311835	353.18
486.0000	-0.0311879	353.001
485.8000	-0.031187	352.801
485.6000	-0.0312063	352.528
485.4000	-0.0312192	352.259
485.2000	-0.0312283	351.992
485.0000	-0.0312362	351.708
484.8000	-0.0312498	351.379
484.6000	-0.0312614	351.085
484.4000	-0.0312778	350.792
484.2000	-0.0313008	350.483
484.0000	-0.0313165	350.193
483.8000	-0.0313298	349.951
483.6000	-0.0313424	349.732
483.4000	-0.03136	349.504
483.2000	-0.0313724	349.322
483.0000	-0.0313903	349.19
482.8000	-0.0314046	349.094
482.6000	-0.031418	348.987
482.4000	-0.0314323	348.962
482.2000	-0.0314481	348.984
482.0000	-0.0314693	349.034
481.8000	-0.0314828	349.132
481.6000	-0.0314838	349.309
481.4000	-0.031489	349.544
481.2000	-0.0314968	349.78
481.0000	-0.0315029	350.099
480.8000	-0.0315053	350.482
480.6000	-0.0315081	350.868
480.4000	-0.0315072	351.247
480.2000	-0.0315021	351.675
480.0000	-0.0315061	352.092
479.8000	-0.0315021	352.443
479.6000	-0.0314972	352.794
479.4000	-0.031485	353.12
479.2000	-0.0314779	353.373
479.0000	-0.0314675	353.552
478.8000	-0.0314592	353.73
478.6000	-0.0314583	353.868
478.4000	-0.031453	353.913
478.2000	-0.0314499	353.949
478.0000	-0.031443	353.969
477.8000	-0.0314395	353.938
477.6000	-0.0314399	353.855
477.4000	-0.0314353	353.791
477.2000	-0.0314346	353.7
477.0000	-0.0314346	353.524
476.8000	-0.0314343	353.338
476.6000	-0.0314352	353.11
476.4000	-0.0314409	352.777
476.2000	-0.0314462	352.365
476.0000	-0.0314532	351.907
475.8000	-0.0314657	351.346
475.6000	-0.0314827	350.673
475.4000	-0.0314977	349.959
475.2000	-0.0315161	349.202
475.0000	-0.0315328	348.375
474.8000	-0.0315482	347.577
474.6000	-0.0315689	346.847
474.4000	-0.0315955	346.194
474.2000	-0.0316216	345.644
474.0000	-0.031644	345.274
473.8000	-0.031666	345.032
473.6000	-0.03169	344.911
473.4000	-0.0317089	344.957
473.2000	-0.0317195	345.134
473.0000	-0.0317345	345.348
472.8000	-0.0317414	345.605
472.6000	-0.0317437	345.887
472.4000	-0.0317474	346.093
472.2000	-0.0317565	346.222
472.0000	-0.0317612	346.302
471.8000	-0.0317691	346.266
471.6000	-0.0317874	346.101
471.4000	-0.031809	345.868
471.2000	-0.0318368	345.538
471.0000	-0.0318615	345.103
470.8000	-0.0318889	344.644
470.6000	-0.03191	344.168
470.4000	-0.0319289	343.627
470.2000	-0.0319417	343.074
470.0000	-0.0319539	342.554
469.8000	-0.03197	342.003
469.6000	-0.0319795	341.476
469.4000	-0.0319821	341.03
469.2000	-0.0319809	340.584
469.0000	-0.0319787	340.194
468.8000	-0.0319766	339.906
468.6000	-0.0319745	339.7
468.4000	-0.0319732	339.579
468.2000	-0.0319642	339.591
468.0000	-0.0319519	339.724
467.8000	-0.031932	339.939
467.6000	-0.0319169	340.293
467.4000	-0.0319018	340.729
467.2000	-0.0318785	341.201
467.0000	-0.0318475	341.734
466.8000	-0.0318095	342.328
466.6000	-0.0317687	342.884
466.4000	-0.0317206	343.405
466.2000	-0.0316728	343.913
466.0000	-0.0316216	344.317
465.8000	-0.0315601	344.645
465.6000	-0.031502	344.932
465.4000	-0.0314449	345.097
465.2000	-0.0313923	345.179
465.0000	-0.0313317	345.217
464.8000	-0.0312753	345.176
464.6000	-0.0312184	345.082
464.4000	-0.0311666	344.969
464.2000	-0.031117	344.815
464.0000	-0.0310618	344.643
463.8000	-0.0310041	344.515
463.6000	-0.0309458	344.378
463.4000	-0.0308922	344.261
463.2000	-0.0308306	344.215
463.0000	-0.0307676	344.194
462.8000	-0.030708	344.232
462.6000	-0.0306375	344.341
462.4000	-0.0305664	344.496
462.2000	-0.0304905	344.693
462.0000	-0.0304155	344.952
461.8000	-0.0303425	345.221
461.6000	-0.0302733	345.493
461.4000	-0.0302027	345.795
461.2000	-0.0301255	346.067
461.0000	-0.0300537	346.319
460.8000	-0.0299793	346.572
460.6000	-0.0299195	346.759
460.4000	-0.0298615	346.912
460.2000	-0.029793	347.04
460.0000	-0.0297206	347.126
459.8000	-0.0296507	347.177
459.6000	-0.029583	347.205
459.4000	-0.0295139	347.211
459.2000	-0.02945	347.197
459.0000	-0.0293929	347.191
458.8000	-0.0293308	347.181
458.6000	-0.0292823	347.189
458.4000	-0.0292389	347.241
458.2000	-0.0292	347.301
458.0000	-0.0291619	347.407
457.8000	-0.029123	347.544
457.6000	-0.0290911	347.725
457.4000	-0.029054	347.955
457.2000	-0.0290223	348.207
457.0000	-0.0289962	348.474
456.8000	-0.028972	348.761
456.6000	-0.028955	349.063
456.4000	-0.0289464	349.369
456.2000	-0.0289534	349.677
456.0000	-0.0289609	349.968
455.8000	-0.0289718	350.242
455.6000	-0.0289843	350.516
455.4000	-0.0289907	350.778
455.2000	-0.0290117	351.016
455.0000	-0.0290404	351.206
454.8000	-0.0290655	351.363
454.6000	-0.0290847	351.481
454.4000	-0.029112	351.554
454.2000	-0.0291467	351.575
454.0000	-0.0291895	351.54
453.8000	-0.0292519	351.479
453.6000	-0.0293104	351.398
453.4000	-0.0293565	351.329
453.2000	-0.0294142	351.262
453.0000	-0.0294782	351.213
452.8000	-0.02955	351.165
452.6000	-0.02962	351.143
452.4000	-0.0296843	351.139
452.2000	-0.0297482	351.133
452.0000	-0.0298129	351.135
451.8000	-0.0298917	351.124
451.6000	-0.0299723	351.119
451.4000	-0.0300498	351.13
451.2000	-0.0301217	351.167
451.0000	-0.0301856	351.298
450.8000	-0.0302495	351.527
450.6000	-0.0303026	351.861
450.4000	-0.0303534	352.328
450.2000	-0.0303955	352.899
450.0000	-0.0304251	353.605
449.8000	-0.0304459	354.428
449.6000	-0.0304696	355.316
449.4000	-0.030493	356.261
449.2000	-0.0305049	357.199
449.0000	-0.0305184	358.103
448.8000	-0.0305279	358.966
448.6000	-0.0305346	359.759
448.4000	-0.0305335	360.487
448.2000	-0.0305335	361.139
448.0000	-0.0305285	361.708
447.8000	-0.0305081	362.216
447.6000	-0.0304838	362.656
447.4000	-0.0304721	363.055
447.2000	-0.0304495	363.446
447.0000	-0.0304316	363.773
446.8000	-0.0304046	364.108
446.6000	-0.0303645	364.412
446.4000	-0.0303256	364.699
446.2000	-0.0302935	364.999
446.0000	-0.0302605	365.25
445.8000	-0.030225	365.523
445.6000	-0.0301781	365.771
445.4000	-0.0301201	366.015
445.2000	-0.0300534	366.277
445.0000	-0.0299958	366.502
444.8000	-0.0299377	366.759
444.6000	-0.0298746	366.987
444.4000	-0.029806	367.223
444.2000	-0.0297272	367.468
444.0000	-0.0296434	367.668
443.8000	-0.0295518	367.895
443.6000	-0.0294639	368.099
443.4000	-0.0293698	368.296
443.2000	-0.0292705	368.497
443.0000	-0.0291669	368.664
442.8000	-0.0290567	368.857
442.6000	-0.0289508	369.023
442.4000	-0.0288519	369.19
442.2000	-0.0287506	369.37
442.0000	-0.0286556	369.504
441.8000	-0.0285587	369.666
441.6000	-0.0284707	369.81
441.4000	-0.0283735	369.944
441.2000	-0.0282706	370.081
441.0000	-0.0281641	370.181
440.8000	-0.0280538	370.293
440.6000	-0.0279446	370.367
440.4000	-0.0278297	370.422
440.2000	-0.0277134	370.467
440.0000	-0.0275864	370.465
439.8000	-0.0274619	370.481
439.6000	-0.0273481	370.447
439.4000	-0.0272333	370.414
439.2000	-0.0271147	370.38
439.0000	-0.0269968	370.326
438.8000	-0.0268853	370.323
438.6000	-0.0267706	370.302
438.4000	-0.0266674	370.33
438.2000	-0.0265661	370.347
438.0000	-0.0264584	370.392
437.8000	-0.026355	370.461
437.6000	-0.0262508	370.523
437.4000	-0.0261446	370.634
437.2000	-0.0260403	370.705
437.0000	-0.0259268	370.797
436.8000	-0.0258194	370.861
436.6000	-0.0257202	370.934
436.4000	-0.0256297	370.999
436.2000	-0.0255382	371.025
436.0000	-0.0254504	371.056
435.8000	-0.0253726	371.048
435.6000	-0.0252962	371.046
435.4000	-0.0252207	371.009
435.2000	-0.0251455	370.973
435.0000	-0.0250694	370.904
434.8000	-0.0250018	370.818
434.6000	-0.024938	370.731
434.4000	-0.0248744	370.619
434.2000	-0.0248099	370.514
434.0000	-0.0247518	370.381
433.8000	-0.0246962	370.259
433.6000	-0.0246538	370.117
433.4000	-0.024606	369.992
433.2000	-0.0245442	369.841
433.0000	-0.0244816	369.688
432.8000	-0.0244349	369.542
432.6000	-0.0243902	369.374
432.4000	-0.0243496	369.215
432.2000	-0.024315	369.027
432.0000	-0.0242763	368.853
431.8000	-0.0242455	368.65
431.6000	-0.0242161	368.463
431.4000	-0.0241997	368.256
431.2000	-0.0241747	368.054
431.0000	-0.0241552	367.838
430.8000	-0.0241372	367.623
430.6000	-0.0241103	367.425
430.4000	-0.0240909	367.206
430.2000	-0.0240748	366.991
430.0000	-0.0240612	366.772
429.8000	-0.0240551	366.556
429.6000	-0.0240474	366.331
429.4000	-0.0240401	366.134
429.2000	-0.0240268	365.922
429.0000	-0.0240246	365.711
428.8000	-0.0240194	365.49
428.6000	-0.0240171	365.271
428.4000	-0.0240224	365.046
428.2000	-0.0240252	364.829
428.0000	-0.0240173	364.609
427.8000	-0.024012	364.389
427.6000	-0.0240067	364.163
427.4000	-0.0240005	363.943
427.2000	-0.0239998	363.748
427.0000	-0.0239938	363.559
426.8000	-0.0239873	363.378
426.6000	-0.0239792	363.192
426.4000	-0.0239787	363.016
426.2000	-0.0239801	362.828
426.0000	-0.0239938	362.654
425.8000	-0.0240017	362.479
425.6000	-0.0240007	362.296
425.4000	-0.0240086	362.122
425.2000	-0.0240164	361.939
425.0000	-0.0240285	361.764
424.8000	-0.0240355	361.581
424.6000	-0.0240386	361.422
424.4000	-0.0240409	361.256
424.2000	-0.024052	361.097
424.0000	-0.0240587	360.935
423.8000	-0.0240693	360.779
423.6000	-0.0240819	360.615
423.4000	-0.024088	360.468
423.2000	-0.0240952	360.309
423.0000	-0.0241021	360.157
422.8000	-0.0241104	359.986
422.6000	-0.02411	359.826
422.4000	-0.0241237	359.642
422.2000	-0.0241431	359.456
422.0000	-0.0241412	359.252
421.8000	-0.0241506	359.039
421.6000	-0.0241607	358.817
421.4000	-0.0241806	358.593
421.2000	-0.0241958	358.353
421.0000	-0.0242144	358.115
420.8000	-0.0242313	357.876
420.6000	-0.0242406	357.655
420.4000	-0.0242679	357.444
420.2000	-0.024289	357.267
420.0000	-0.0243071	357.103
419.8000	-0.0243183	356.983
419.6000	-0.0243319	356.888
419.4000	-0.0243458	356.844
419.2000	-0.0243617	356.824
419.0000	-0.024387	356.839
418.8000	-0.0244	356.852
418.6000	-0.0244081	356.901
418.4000	-0.0244232	356.936
418.2000	-0.0244419	356.998
418.0000	-0.024462	357.026
417.8000	-0.024486	357.063
417.6000	-0.0245154	357.064
417.4000	-0.0245306	357.073
417.2000	-0.0245462	357.057
417.0000	-0.0245826	357.017
416.8000	-0.0246183	356.962
416.6000	-0.0246408	356.883
416.4000	-0.0246706	356.793
416.2000	-0.0247001	356.698
416.0000	-0.0247294	356.586
415.8000	-0.0247692	356.457
415.6000	-0.0248131	356.325
415.4000	-0.024857	356.166
415.2000	-0.0248877	356.022
415.0000	-0.0249278	355.85
414.8000	-0.024971	355.698
414.6000	-0.0250138	355.514
414.4000	-0.0250567	355.339
414.2000	-0.0250928	355.152
414.0000	-0.0251263	354.971
413.8000	-0.0251608	354.792
413.6000	-0.025205	354.599
413.4000	-0.0252545	354.419
413.2000	-0.0253031	354.227
413.0000	-0.0253549	354.053
412.8000	-0.0254067	353.868
412.6000	-0.0254549	353.695
412.4000	-0.0255126	353.507
412.2000	-0.0255656	353.333
412.0000	-0.0256155	353.164
411.8000	-0.0256612	352.993
411.6000	-0.0257135	352.837
411.4000	-0.0257634	352.669
411.2000	-0.0258131	352.501
411.0000	-0.0258648	352.334
410.8000	-0.0259198	352.181
410.6000	-0.0259864	352.019
410.4000	-0.0260529	351.853
410.2000	-0.0261167	351.7
410.0000	-0.0261746	351.524
409.8000	-0.0262345	351.346
409.6000	-0.0263014	351.167
409.4000	-0.0263754	350.998
409.2000	-0.0264478	350.812
409.0000	-0.0265147	350.625
408.8000	-0.0265829	350.457
408.6000	-0.0266472	350.288
408.4000	-0.0267284	350.122
408.2000	-0.0268189	349.952
408.0000	-0.0268996	349.777
407.8000	-0.0269766	349.603
407.6000	-0.027057	349.431
407.4000	-0.0271348	349.26
407.2000	-0.0272109	349.079
407.0000	-0.0272883	348.894
406.8000	-0.0273696	348.703
406.6000	-0.0274428	348.517
406.4000	-0.0275195	348.333
406.2000	-0.0276013	348.145
406.0000	-0.0276812	347.973
405.8000	-0.027763	347.804
405.6000	-0.0278452	347.637
405.4000	-0.027939	347.46
405.2000	-0.0280295	347.293
405.0000	-0.0281225	347.115
404.8000	-0.0282056	346.953
404.6000	-0.0282903	346.799
404.4000	-0.0283702	346.633
404.2000	-0.0284577	346.468
404.0000	-0.0285467	346.302
403.8000	-0.0286298	346.133
403.6000	-0.028714	345.968
403.4000	-0.0288	345.817
403.2000	-0.0288912	345.668
403.0000	-0.0289787	345.502
402.8000	-0.0290728	345.335
402.6000	-0.0291655	345.178
402.4000	-0.0292566	345.011
402.2000	-0.0293532	344.842
402.0000	-0.0294444	344.688
401.8000	-0.0295293	344.529
401.6000	-0.0296167	344.367
401.4000	-0.0297022	344.207
401.2000	-0.0297893	344.052
401.0000	-0.0298745	343.899
400.8000	-0.0299655	343.749
400.6000	-0.0300556	343.598
400.4000	-0.0301454	343.46
400.2000	-0.0302439	343.313
400.0000	-0.030339	343.176
399.8000	-0.0304365	343.054
399.6000	-0.0305359	342.938
399.4000	-0.0306373	342.836
399.2000	-0.030728	342.742
399.0000	-0.0308233	342.662
398.8000	-0.0309162	342.604
398.6000	-0.0310134	342.552
398.4000	-0.0311102	342.515
398.2000	-0.0312061	342.509
398.0000	-0.0312982	342.495
397.8000	-0.0313919	342.508
397.6000	-0.0314979	342.546
397.4000	-0.0315949	342.586
397.2000	-0.0316976	342.67
397.0000	-0.0317973	342.766
396.8000	-0.03189	342.866
396.6000	-0.031982	342.993
396.4000	-0.0320779	343.131
396.2000	-0.0321831	343.285
396.0000	-0.0322798	343.463
395.8000	-0.0323798	343.652
395.6000	-0.0324784	343.839
395.4000	-0.0325645	344.048
395.2000	-0.0326567	344.268
395.0000	-0.0327513	344.486
394.8000	-0.0328484	344.724
394.6000	-0.0329297	344.973
394.4000	-0.0330172	345.214
394.2000	-0.0331084	345.458
394.0000	-0.0332031	345.715
393.8000	-0.0333049	345.98
393.6000	-0.0334073	346.255
393.4000	-0.0335086	346.543
393.2000	-0.0336008	346.84
393.0000	-0.0336969	347.142
392.8000	-0.033794	347.457
392.6000	-0.0338859	347.797
392.4000	-0.0339714	348.135
392.2000	-0.0340566	348.488
392.0000	-0.0341438	348.832
391.8000	-0.0342299	349.188
391.6000	-0.034315	349.55
391.4000	-0.0343971	349.928
391.2000	-0.0344766	350.326
391.0000	-0.0345506	350.738
390.8000	-0.0346269	351.169
390.6000	-0.0347046	351.605
390.4000	-0.0347759	352.08
390.2000	-0.0348439	352.571
390.0000	-0.0349179	353.086
389.8000	-0.0349924	353.625
389.6000	-0.0350609	354.162
389.4000	-0.0351214	354.703
389.2000	-0.0351833	355.266
389.0000	-0.0352407	355.86
388.8000	-0.0352964	356.468
388.6000	-0.035361	357.102
388.4000	-0.0354201	357.751
388.2000	-0.0354728	358.418
388.0000	-0.0355386	359.099
387.8000	-0.0355977	359.819
387.6000	-0.035657	360.538
387.4000	-0.0357131	361.29
387.2000	-0.0357553	362.05
387.0000	-0.0357956	362.825
386.8000	-0.035833	363.633
386.6000	-0.03587	364.472
386.4000	-0.0358929	365.337
386.2000	-0.0359178	366.232
386.0000	-0.0359409	367.168
385.8000	-0.0359684	368.14
385.6000	-0.0359997	369.13
385.4000	-0.0360255	370.159
385.2000	-0.0360431	371.208
385.0000	-0.03606	372.292
384.8000	-0.0360818	373.414
384.6000	-0.0361031	374.546
384.4000	-0.0361251	375.728
384.2000	-0.0361298	376.951
384.0000	-0.0361392	378.206
383.8000	-0.036151	379.505
383.6000	-0.0361594	380.859
383.4000	-0.0361626	382.256
383.2000	-0.036166	383.702
383.0000	-0.036163	385.2
382.8000	-0.0361609	386.741
382.6000	-0.0361654	388.336
382.4000	-0.0361689	389.971
382.2000	-0.0361678	391.668
382.0000	-0.036158	393.404
381.8000	-0.036151	395.189
381.6000	-0.0361454	397.035
381.4000	-0.0361346	398.918
381.2000	-0.0361289	400.872
381.0000	-0.0361167	402.883
380.8000	-0.0360953	404.956
380.6000	-0.0360764	407.099
380.4000	-0.0360617	409.308
380.2000	-0.0360498	411.598
380.0000	-0.0360386	413.941
379.8000	-0.0360207	416.365
379.6000	-0.0360023	418.886
379.4000	-0.0359906	421.487
379.2000	-0.0359736	424.206
379.0000	-0.0359525	427.009
378.8000	-0.0359218	429.891
378.6000	-0.0358915	432.865
378.4000	-0.0358698	435.946
378.2000	-0.0358484	439.119
378.0000	-0.0358132	442.371
377.8000	-0.0357827	445.695
377.6000	-0.0357594	449.108
377.4000	-0.0357428	452.616
377.2000	-0.0357204	456.245
377.0000	-0.0357103	459.991
376.8000	-0.0356906	463.86
376.6000	-0.0356909	467.836
376.4000	-0.0356957	471.93
376.2000	-0.0357084	476.146
376.0000	-0.0357049	480.481
375.8000	-0.0356818	484.916
375.6000	-0.0356716	489.426
375.4000	-0.0356553	494.035
375.2000	-0.0356382	498.731
375.0000	-0.0356232	503.541
374.8000	-0.035628	508.476
374.6000	-0.0356442	513.542
374.4000	-0.0356691	518.752
374.2000	-0.0357312	524.097
374.0000	-0.0357779	529.592
373.8000	-0.0358361	535.258
373.6000	-0.0358881	541.075
373.4000	-0.0359367	547.035
373.2000	-0.036017	553.143
373.0000	-0.0361187	559.377
372.8000	-0.0362053	565.74
372.6000	-0.036276	572.229
372.4000	-0.0363652	578.828
372.2000	-0.0365182	585.521
372.0000	-0.0366971	592.312
371.8000	-0.0369401	599.209
371.6000	-0.0371695	606.184
371.4000	-0.0373921	613.241
371.2000	-0.0376441	620.362
371.0000	-0.0379163	627.544
370.8000	-0.0382468	634.856
370.6000	-0.0385529	642.286
370.4000	-0.0389999	649.811
370.2000	-0.0395342	657.412
370.0000	-0.0400759	665.033
369.8000	-0.0406981	672.704
369.6000	-0.0414344	680.43
369.4000	-0.0421358	688.192
369.2000	-0.0429254	695.916
369.0000	-0.0437776	703.568
368.8000	-0.044745	711.174
368.6000	-0.0457296	718.752
368.4000	-0.0468225	726.241
368.2000	-0.0480202	733.626
368.0000	-0.0492432	740.868
367.8000	-0.0506436	747.959
367.6000	-0.0521419	754.862
367.4000	-0.0537634	761.593
367.2000	-0.0554619	768.074
367.0000	-0.0571002	774.226
366.8000	-0.0586767	780.08
366.6000	-0.0602918	785.683
366.4000	-0.0619894	791.029
366.2000	-0.0636335	796.066
366.0000	-0.065116	800.802
365.8000	-0.0667558	805.19
365.6000	-0.0681769	809.292
365.4000	-0.0695832	813.128
365.2000	-0.0711499	816.711
365.0000	-0.0726321	820.01
364.8000	-0.0740017	823.007
364.6000	-0.0752905	825.736
364.4000	-0.0766334	828.242
364.2000	-0.0779026	830.557
364.0000	-0.0789988	832.678
363.8000	-0.0800667	834.594
363.6000	-0.0810429	836.315
363.4000	-0.0820397	837.863
363.2000	-0.0829284	839.275
363.0000	-0.0836165	840.564
362.8000	-0.0842697	841.733
362.6000	-0.0850148	842.752
362.4000	-0.0857689	843.662
362.2000	-0.0863867	844.504
362.0000	-0.087021	845.251
361.8000	-0.0873967	845.933
361.6000	-0.0879041	846.541
361.4000	-0.0885178	847.102
361.2000	-0.0890647	847.568
361.0000	-0.0893644	847.994
360.8000	-0.0896108	848.375
360.6000	-0.0898845	848.703
360.4000	-0.0900064	849.011
360.2000	-0.0900997	849.273
360.0000	-0.0903201	849.511
359.8000	-0.0903432	849.72
359.6000	-0.0906229	849.881
359.4000	-0.0907292	850.069
359.2000	-0.0909517	850.206
359.0000	-0.0911775	850.325
358.8000	-0.0912909	850.436
358.6000	-0.0914344	850.534
358.4000	-0.0915533	850.634
358.2000	-0.0916676	850.678
358.0000	-0.0917567	850.767
357.8000	-0.0918599	850.817
357.6000	-0.0919506	850.853
357.4000	-0.0919221	850.894
357.2000	-0.0920683	850.911
357.0000	-0.0923741	850.956
356.8000	-0.0924763	850.966
356.6000	-0.0924727	850.952
356.4000	-0.0924056	850.929
356.2000	-0.0925003	850.894
356.0000	-0.0927118	850.862
355.8000	-0.0930136	850.856
355.6000	-0.0930879	850.851
355.4000	-0.0930543	850.813
355.2000	-0.0931067	850.777
355.0000	-0.0932088	850.772
354.8000	-0.0934368	850.77
354.6000	-0.0935007	850.754
354.4000	-0.0933254	850.695
354.2000	-0.0933048	850.659
354.0000	-0.0932662	850.62
353.8000	-0.0932325	850.553
353.6000	-0.0931565	850.499
353.4000	-0.0930897	850.449
353.2000	-0.0929206	850.403
353.0000	-0.0927233	850.349
352.8000	-0.0927828	850.289
352.6000	-0.0927136	850.252
352.4000	-0.0924463	850.187
352.2000	-0.0922768	850.125
352.0000	-0.0922652	850.055
351.8000	-0.0924334	849.958
351.6000	-0.0926592	849.891
351.4000	-0.0927703	849.805
351.2000	-0.0928486	849.708
351.0000	-0.0927935	849.62
350.8000	-0.0928347	849.525
350.6000	-0.0930919	849.429
350.4000	-0.0932827	849.354
350.2000	-0.0931992	849.261
350.0000	-0.0931846	849.17
