750.0000	-0.00214577	350.835
749.8000	-0.0021386	350.772
749.6000	-0.00212723	350.718
749.4000	-0.00212394	350.661
749.2000	-0.00212379	350.612
749.0000	-0.0021278	350.566
748.8000	-0.0021258	350.521
748.6000	-0.00212388	350.475
748.4000	-0.0021273	350.41
748.2000	-0.00212253	350.269
748.0000	-0.00211744	350.046
747.8000	-0.00210863	349.813
747.6000	-0.00210724	349.574
747.4000	-0.00210045	349.319
747.2000	-0.00209782	349.053
747.0000	-0.00208709	348.779
746.8000	-0.00208026	348.507
746.6000	-0.00208084	348.246
746.4000	-0.00208062	348.088
746.2000	-0.00208162	347.924
746.0000	-0.0020789	347.762
745.8000	-0.00208008	347.599
745.6000	-0.00208419	347.421
745.4000	-0.00209344	347.233
745.2000	-0.00210654	347.038
745.0000	-0.00211265	346.857
744.8000	-0.00211971	346.689
744.6000	-0.00212814	346.526
744.4000	-0.00213474	346.362
744.2000	-0.00213786	346.195
744.0000	-0.00213948	346.026
743.8000	-0.00213531	345.863
743.6000	-0.00213112	345.711
743.4000	-0.00212617	345.564
743.2000	-0.00212074	345.339
743.0000	-0.00212241	345.032
742.8000	-0.00212181	344.724
742.6000	-0.0021245	344.43
742.4000	-0.00212102	344.158
742.2000	-0.00212328	343.897
742.0000	-0.00212755	343.65
741.8000	-0.00213222	343.409
741.6000	-0.00213532	343.194
741.4000	-0.00214185	343.123
741.2000	-0.00214021	343.064
741.0000	-0.00213549	343.012
740.8000	-0.00213643	342.955
740.6000	-0.00214141	342.916
740.4000	-0.00214045	342.875
740.2000	-0.00213946	342.824
740.0000	-0.00214565	342.778
739.8000	-0.00214388	342.734
739.6000	-0.00214094	342.681
739.4000	-0.00213823	342.619
739.2000	-0.00212895	342.548
739.0000	-0.00211201	342.455
738.8000	-0.0020993	342.356
738.6000	-0.00208739	342.247
738.4000	-0.00207715	342.056
738.2000	-0.00206418	341.758
738.0000	-0.00205438	341.442
737.8000	-0.00204987	341.108
737.6000	-0.00205612	340.764
737.4000	-0.00206333	340.412
737.2000	-0.0020629	340.027
737.0000	-0.00206249	339.603
736.8000	-0.00205631	339.167
736.6000	-0.00205953	338.836
736.4000	-0.00206308	338.492
736.2000	-0.00207247	338.132
736.0000	-0.00206816	337.763
735.8000	-0.00206503	337.389
735.6000	-0.00207064	337.023
735.4000	-0.00207362	336.69
735.2000	-0.00207927	336.41
735.0000	-0.00208584	336.171
734.8000	-0.00209702	335.973
734.6000	-0.00209596	335.816
734.4000	-0.00210084	335.705
734.2000	-0.00211048	335.632
734.0000	-0.00211556	335.608
733.8000	-0.00212571	335.618
733.6000	-0.00213622	335.514
733.4000	-0.00214336	335.437
733.2000	-0.00213407	335.375
733.0000	-0.00213367	335.327
732.8000	-0.00213787	335.293
732.6000	-0.00213875	335.27
732.4000	-0.00213616	335.255
732.2000	-0.00212808	335.257
732.0000	-0.00211175	335.347
731.8000	-0.00210089	335.487
731.6000	-0.00210182	335.625
731.4000	-0.00210189	335.767
731.2000	-0.00209594	335.907
731.0000	-0.00208306	336.047
730.8000	-0.00207289	336.176
730.6000	-0.00207273	336.284
730.4000	-0.00207433	336.39
730.2000	-0.00207333	336.503
730.0000	-0.00206924	336.595
729.8000	-0.0020649	336.678
729.6000	-0.00206463	336.765
729.4000	-0.00206948	336.856
729.2000	-0.00206647	336.888
729.0000	-0.0020597	336.845
728.8000	-0.00204268	336.805
728.6000	-0.00203473	336.759
728.4000	-0.00202605	336.712
728.2000	-0.00202422	336.68
728.0000	-0.00202019	336.646
727.8000	-0.00201543	336.606
727.6000	-0.00201091	336.575
727.4000	-0.00201179	336.657
727.2000	-0.00201911	336.732
727.0000	-0.00202252	336.804
726.8000	-0.0020403	336.879
726.6000	-0.00204086	336.947
726.4000	-0.00203349	337.01
726.2000	-0.00203396	337.068
726.0000	-0.00203809	337.122
725.8000	-0.00203593	337.164
725.6000	-0.00202912	337.199
725.4000	-0.00202722	337.223
725.2000	-0.00201634	337.241
725.0000	-0.00200732	337.248
724.8000	-0.00201279	337.188
724.6000	-0.00200944	337.045
724.4000	-0.00200125	336.891
724.2000	-0.0020009	336.736
724.0000	-0.00200253	336.573
723.8000	-0.00201231	336.405
723.6000	-0.00202018	336.219
723.4000	-0.00202127	336.025
723.2000	-0.00201668	335.847
723.0000	-0.00200862	335.78
722.8000	-0.00200529	335.703
722.6000	-0.00200725	335.617
722.4000	-0.00200537	335.523
722.2000	-0.00199797	335.427
722.0000	-0.00199522	335.313
721.8000	-0.00198788	335.198
721.6000	-0.00198705	335.076
721.4000	-0.00198851	334.949
721.2000	-0.00198948	334.81
721.0000	-0.00198387	334.659
720.8000	-0.00197847	334.499
720.6000	-0.00197619	334.338
720.4000	-0.00196924	334.044
720.2000	-0.00197075	333.736
720.0000	-0.00197108	333.414
719.8000	-0.00197239	333.072
719.6000	-0.00197127	332.728
719.4000	-0.001969	332.395
719.2000	-0.00196884	332.068
719.0000	-0.00196825	331.74
718.8000	-0.00196965	331.485
718.6000	-0.00196959	331.297
718.4000	-0.00197285	331.116
718.2000	-0.00197019	330.942
718.0000	-0.00197265	330.776
717.8000	-0.00197092	330.611
717.6000	-0.00196784	330.453
717.4000	-0.00196749	330.298
717.2000	-0.00196624	330.15
717.0000	-0.00196319	330.012
716.8000	-0.00196384	329.864
716.6000	-0.00196876	329.716
716.4000	-0.00197143	329.516
716.2000	-0.00197291	329.238
716.0000	-0.00197615	328.946
715.8000	-0.00198366	328.66
715.6000	-0.00198758	328.387
715.4000	-0.00199718	328.118
715.2000	-0.00199636	327.861
715.0000	-0.00199341	327.615
714.8000	-0.00199352	327.399
714.6000	-0.00199227	327.304
714.4000	-0.00199153	327.236
714.2000	-0.00199369	327.177
714.0000	-0.00199727	327.128
713.8000	-0.00199901	327.101
713.6000	-0.00199825	327.085
713.4000	-0.00199519	327.088
713.2000	-0.00199291	327.102
713.0000	-0.00198811	327.131
712.8000	-0.00198924	327.168
712.6000	-0.0019864	327.216
712.4000	-0.00197299	327.287
712.2000	-0.00195779	327.254
712.0000	-0.00194104	327.221
711.8000	-0.00193048	327.189
711.6000	-0.00192349	327.166
711.4000	-0.00192343	327.146
711.2000	-0.00192133	327.137
711.0000	-0.0019087	327.132
710.8000	-0.00191223	327.13
710.6000	-0.00191196	327.202
710.4000	-0.00191498	327.319
710.2000	-0.00191652	327.447
710.0000	-0.00191633	327.577
709.8000	-0.00190924	327.693
709.6000	-0.00189852	327.808
709.4000	-0.00189928	327.927
709.2000	-0.00189655	328.034
709.0000	-0.00188955	328.132
708.8000	-0.00188479	328.221
708.6000	-0.00188122	328.299
708.4000	-0.00187412	328.371
708.2000	-0.00186691	328.328
708.0000	-0.00186151	328.27
707.8000	-0.0018532	328.205
707.6000	-0.00184897	328.134
707.4000	-0.00185327	328.056
707.2000	-0.00185237	327.97
707.0000	-0.00185209	327.886
706.8000	-0.00185226	327.798
706.6000	-0.00185293	327.779
706.4000	-0.00185094	327.817
706.2000	-0.00184576	327.85
706.0000	-0.0018404	327.878
705.8000	-0.00182969	327.906
705.6000	-0.00181777	327.925
705.4000	-0.0018144	327.943
705.2000	-0.00180678	327.958
705.0000	-0.00179976	327.97
704.8000	-0.00179341	327.973
704.6000	-0.00179169	327.971
704.4000	-0.0017959	327.849
704.2000	-0.00178943	327.72
704.0000	-0.00179305	327.589
703.8000	-0.00179282	327.459
703.6000	-0.00179434	327.326
703.4000	-0.00179467	327.185
703.2000	-0.00179574	327.046
703.0000	-0.00180328	326.904
702.8000	-0.00180885	326.839
702.6000	-0.00181381	326.816
702.4000	-0.00182296	326.788
702.2000	-0.00182349	326.76
702.0000	-0.00182636	326.729
701.8000	-0.00183069	326.699
701.6000	-0.00182849	326.667
701.4000	-0.00181613	326.628
701.2000	-0.00180507	326.589
701.0000	-0.00180011	326.549
700.8000	-0.00179061	326.513
700.6000	-0.00178904	326.355
700.4000	-0.00178551	326.185
700.2000	-0.00178137	326.018
700.0000	-0.00178501	325.859
699.8000	-0.00179421	325.714
699.6000	-0.00180665	325.561
699.4000	-0.00180507	325.409
699.2000	-0.00180292	325.264
699.0000	-0.00179747	325.192
698.8000	-0.00179354	325.171
698.6000	-0.00178898	325.143
698.4000	-0.00178647	325.108
698.2000	-0.00178466	325.067
698.0000	-0.00178024	325.019
697.8000	-0.00178206	324.978
697.6000	-0.00178404	324.939
697.4000	-0.00178685	324.892
697.2000	-0.00178163	324.836
697.0000	-0.0017782	324.729
696.8000	-0.00177575	324.561
696.6000	-0.00177055	324.392
696.4000	-0.00177036	324.22
696.2000	-0.00176457	324.038
696.0000	-0.00176743	323.846
695.8000	-0.00176481	323.649
695.6000	-0.00176794	323.459
695.4000	-0.00177474	323.287
695.2000	-0.00178421	323.21
695.0000	-0.00178736	323.129
694.8000	-0.00178943	323.053
694.6000	-0.00178769	322.984
694.4000	-0.00178475	322.911
694.2000	-0.00177882	322.835
694.0000	-0.00178492	322.76
693.8000	-0.00178749	322.69
693.6000	-0.00178713	322.62
693.4000	-0.00178753	322.497
693.2000	-0.00179224	322.308
693.0000	-0.00179554	322.121
692.8000	-0.00180179	321.934
692.6000	-0.00181238	321.755
692.4000	-0.00181317	321.58
692.2000	-0.00181599	321.411
692.0000	-0.00182042	321.235
691.8000	-0.0018193	321.087
691.6000	-0.00182028	321.044
691.4000	-0.0018239	321.002
691.2000	-0.00182962	320.969
691.0000	-0.00183738	320.944
690.8000	-0.00184876	320.925
690.6000	-0.00185528	320.91
690.4000	-0.0018556	320.91
690.2000	-0.00186344	320.924
690.0000	-0.00187641	320.941
689.8000	-0.00188541	320.849
689.6000	-0.00189666	320.761
689.4000	-0.0019002	320.685
689.2000	-0.00190491	320.619
689.0000	-0.00190705	320.557
688.8000	-0.00192169	320.502
688.6000	-0.00192761	320.45
688.4000	-0.00192713	320.399
688.2000	-0.00192312	320.432
688.0000	-0.0019211	320.512
687.8000	-0.0019186	320.589
687.6000	-0.00191446	320.666
687.4000	-0.00191518	320.738
687.2000	-0.00191935	320.801
687.0000	-0.00192162	320.865
686.8000	-0.00193215	320.917
686.6000	-0.00194241	320.959
686.4000	-0.00195141	320.891
686.2000	-0.00195768	320.807
686.0000	-0.00197308	320.722
685.8000	-0.00198005	320.62
685.6000	-0.00198722	320.517
685.4000	-0.00199261	320.41
685.2000	-0.00200383	320.309
685.0000	-0.00201348	320.214
684.8000	-0.0020252	320.19
684.6000	-0.002035	320.215
684.4000	-0.00204478	320.254
684.2000	-0.00205845	320.314
684.0000	-0.00206302	320.392
683.8000	-0.00207256	320.478
683.6000	-0.00207556	320.591
683.4000	-0.00208246	320.733
683.2000	-0.0020926	320.904
683.0000	-0.00209868	321.01
682.8000	-0.00211113	321.132
682.6000	-0.00211714	321.263
682.4000	-0.0021238	321.4
682.2000	-0.00213367	321.546
682.0000	-0.00215151	321.682
681.8000	-0.00215488	321.798
681.6000	-0.0021554	321.884
681.4000	-0.00216513	322.007
681.2000	-0.00217001	322.151
681.0000	-0.00217668	322.277
680.8000	-0.00218634	322.388
680.6000	-0.00219378	322.482
680.4000	-0.00219437	322.563
680.2000	-0.00220252	322.625
680.0000	-0.00221406	322.687
679.8000	-0.00221825	322.689
679.6000	-0.00222919	322.607
679.4000	-0.00223917	322.513
679.2000	-0.00224369	322.403
679.0000	-0.00224881	322.282
678.8000	-0.00225942	322.158
678.6000	-0.0022683	322.029
678.4000	-0.00227675	321.896
678.2000	-0.00228593	321.77
678.0000	-0.00228748	321.746
677.8000	-0.00229389	321.724
677.6000	-0.0023	321.697
677.4000	-0.00230456	321.671
677.2000	-0.0023067	321.642
677.0000	-0.00230793	321.604
676.8000	-0.00231418	321.567
676.6000	-0.00232227	321.475
676.4000	-0.00232407	321.316
676.2000	-0.00232301	321.151
676.0000	-0.00232159	320.986
675.8000	-0.00232471	320.828
675.6000	-0.00233784	320.665
675.4000	-0.00235013	320.506
675.2000	-0.00235991	320.348
675.0000	-0.00235703	320.199
674.8000	-0.00236234	320.153
674.6000	-0.00236796	320.105
674.4000	-0.00237203	320.061
674.2000	-0.0023772	320.009
674.0000	-0.0023786	319.958
673.8000	-0.00237398	319.914
673.6000	-0.0023682	319.871
673.4000	-0.00236691	319.719
673.2000	-0.00236898	319.56
673.0000	-0.00237004	319.403
672.8000	-0.0023769	319.248
672.6000	-0.0023826	319.094
672.4000	-0.00238196	318.941
672.2000	-0.0023826	318.786
672.0000	-0.00238117	318.622
671.8000	-0.00237855	318.528
671.6000	-0.0023793	318.479
671.4000	-0.00238164	318.426
671.2000	-0.00238307	318.366
671.0000	-0.00238406	318.305
670.8000	-0.00238075	318.25
670.6000	-0.00238097	318.187
670.4000	-0.00237857	318.07
670.2000	-0.0023739	317.896
670.0000	-0.00236467	317.724
669.8000	-0.00235688	317.543
669.6000	-0.00235122	317.359
669.4000	-0.00234315	317.18
669.2000	-0.00233068	316.994
669.0000	-0.00231632	316.808
668.8000	-0.00231034	316.636
668.6000	-0.00230255	316.557
668.4000	-0.00230543	316.473
668.2000	-0.00230245	316.395
668.0000	-0.00229391	316.324
667.8000	-0.00228858	316.251
667.6000	-0.00228013	316.174
667.4000	-0.00227505	316.052
667.2000	-0.00227132	315.874
667.0000	-0.00226722	315.697
666.8000	-0.00226181	315.525
666.6000	-0.00224956	315.361
666.4000	-0.00224389	315.194
666.2000	-0.00223684	315.033
666.0000	-0.00223783	314.871
665.8000	-0.00224008	314.729
665.6000	-0.00223537	314.666
665.4000	-0.00223655	314.611
665.2000	-0.00223008	314.559
665.0000	-0.00223057	314.495
664.8000	-0.00223015	314.432
664.6000	-0.0022251	314.374
664.4000	-0.00221968	314.257
664.2000	-0.00221467	314.075
664.0000	-0.00221085	313.903
663.8000	-0.00220439	313.731
663.6000	-0.00219956	313.557
663.4000	-0.00219564	313.384
663.2000	-0.00219343	313.213
663.0000	-0.00219178	313.038
662.8000	-0.00219163	312.879
662.6000	-0.00219023	312.817
662.4000	-0.00218663	312.754
662.2000	-0.00218094	312.687
662.0000	-0.00217458	312.621
661.8000	-0.00216819	312.557
661.6000	-0.00215981	312.494
661.4000	-0.00215042	312.341
661.2000	-0.00214998	312.18
661.0000	-0.00215136	312.022
660.8000	-0.00215157	311.867
660.6000	-0.00215364	311.71
660.4000	-0.00215393	311.56
660.2000	-0.00215171	311.403
660.0000	-0.00215447	311.247
659.8000	-0.00215721	311.149
659.6000	-0.00214546	311.091
659.4000	-0.00213034	311.036
659.2000	-0.00211459	310.974
659.0000	-0.00209819	310.913
658.8000	-0.00208646	310.853
658.6000	-0.00207745	310.707
658.4000	-0.00207444	310.554
658.2000	-0.00206469	310.395
658.0000	-0.00206891	310.242
657.8000	-0.00207808	310.089
657.6000	-0.00208295	309.936
657.4000	-0.00209123	309.785
657.2000	-0.00209278	309.635
657.0000	-0.00209212	309.535
656.8000	-0.00209603	309.475
656.6000	-0.00209924	309.419
656.4000	-0.00209684	309.361
656.2000	-0.00208773	309.303
656.0000	-0.00208216	309.24
655.8000	-0.0020762	309.081
655.6000	-0.00207404	308.906
655.4000	-0.0020804	308.729
655.2000	-0.00207526	308.553
655.0000	-0.00207247	308.376
654.8000	-0.00206905	308.205
654.6000	-0.0020673	308.021
654.4000	-0.0020652	307.827
654.2000	-0.00206502	307.701
654.0000	-0.00206046	307.614
653.8000	-0.00206069	307.527
653.6000	-0.002059	307.437
653.4000	-0.0020583	307.345
653.2000	-0.00205829	307.247
653.0000	-0.0020592	307.054
652.8000	-0.00206379	306.861
652.6000	-0.00206881	306.667
652.4000	-0.00207276	306.466
652.2000	-0.00207439	306.269
652.0000	-0.00207506	306.066
651.8000	-0.00207616	305.857
651.6000	-0.00208081	305.641
651.4000	-0.00208406	305.476
651.2000	-0.00208455	305.352
651.0000	-0.00208407	305.23
650.8000	-0.00208414	305.117
650.6000	-0.0020822	305.018
650.4000	-0.00208291	304.88
650.2000	-0.00208464	304.694
650.0000	-0.00208839	304.516
649.8000	-0.00208709	304.35
649.6000	-0.00208694	304.197
649.4000	-0.0020845	304.047
649.2000	-0.00208238	303.905
649.0000	-0.00208097	303.762
648.8000	-0.00208392	303.631
648.6000	-0.00207896	303.595
648.4000	-0.00206931	303.568
648.2000	-0.00205341	303.554
648.0000	-0.00204722	303.544
647.8000	-0.00203748	303.497
647.6000	-0.0020306	303.399
647.4000	-0.00202354	303.297
647.2000	-0.00201703	303.198
647.0000	-0.00200857	303.104
646.8000	-0.0020037	303.005
646.6000	-0.00200538	302.905
646.4000	-0.00200101	302.8
646.2000	-0.0019989	302.71
646.0000	-0.00199621	302.705
645.8000	-0.00200139	302.701
645.6000	-0.00199263	302.693
645.4000	-0.00198087	302.683
645.2000	-0.00197967	302.635
645.0000	-0.00197656	302.535
644.8000	-0.0019745	302.432
644.6000	-0.00196572	302.326
644.4000	-0.00195623	302.216
644.2000	-0.00194179	302.108
644.0000	-0.00193095	301.999
643.8000	-0.00193174	301.892
643.6000	-0.0019301	301.789
643.4000	-0.00192437	301.759
643.2000	-0.00192173	301.734
643.0000	-0.00191349	301.711
642.8000	-0.00191581	301.685
642.6000	-0.00191823	301.614
642.4000	-0.00191357	301.484
642.2000	-0.00190285	301.349
642.0000	-0.00189542	301.216
641.8000	-0.00188944	301.089
641.6000	-0.00187794	300.961
641.4000	-0.00187412	300.821
641.2000	-0.00187133	300.683
641.0000	-0.00186653	300.556
640.8000	-0.00187425	300.514
640.6000	-0.0018812	300.474
640.4000	-0.00188743	300.432
640.2000	-0.00188628	300.388
640.0000	-0.00188039	300.262
639.8000	-0.00187701	300.128
639.6000	-0.00186855	299.999
639.4000	-0.00186259	299.861
639.2000	-0.00185304	299.723
639.0000	-0.00184457	299.584
638.8000	-0.00183949	299.436
638.6000	-0.00182935	299.293
638.4000	-0.00182779	299.206
638.2000	-0.00182787	299.154
638.0000	-0.00183297	299.098
637.8000	-0.00183584	299.042
637.6000	-0.0018296	298.913
637.4000	-0.00182229	298.769
637.2000	-0.00181615	298.628
637.0000	-0.00181067	298.49
636.8000	-0.00181238	298.344
636.6000	-0.00181346	298.199
636.4000	-0.00181435	298.058
636.2000	-0.0018139	297.919
636.0000	-0.00181378	297.823
635.8000	-0.00181443	297.769
635.6000	-0.00181601	297.712
635.4000	-0.0018196	297.652
635.2000	-0.00181678	297.554
635.0000	-0.00181436	297.41
634.8000	-0.00180841	297.259
634.6000	-0.00180074	297.11
634.4000	-0.00179994	296.97
634.2000	-0.00180005	296.823
634.0000	-0.0018016	296.677
633.8000	-0.00179412	296.542
633.6000	-0.00178986	296.412
633.4000	-0.00178537	296.359
633.2000	-0.00178323	296.31
633.0000	-0.0017832	296.265
632.8000	-0.00177459	296.139
632.6000	-0.00176564	296.01
632.4000	-0.0017592	295.885
632.2000	-0.00176639	295.759
632.0000	-0.00177122	295.641
631.8000	-0.00177352	295.528
631.6000	-0.00176844	295.418
631.4000	-0.0017667	295.306
631.2000	-0.00176566	295.246
631.0000	-0.00176651	295.225
630.8000	-0.00176811	295.206
630.6000	-0.00175391	295.19
630.4000	-0.00174381	295.089
630.2000	-0.00173633	294.98
630.0000	-0.00173342	294.86
629.8000	-0.00173036	294.75
629.6000	-0.00172714	294.641
629.4000	-0.00172139	294.52
629.2000	-0.00171635	294.412
629.0000	-0.00171939	294.298
628.8000	-0.00172231	294.239
628.6000	-0.0017172	294.218
628.4000	-0.00171464	294.2
628.2000	-0.00171957	294.142
628.0000	-0.00172117	294.028
627.8000	-0.0017248	293.919
627.6000	-0.00172744	293.801
627.4000	-0.00172523	293.684
627.2000	-0.00172197	293.575
627.0000	-0.00172084	293.461
626.8000	-0.00172077	293.348
626.6000	-0.00171506	293.246
626.4000	-0.00170477	293.217
626.2000	-0.00170382	293.192
626.0000	-0.00170103	293.17
625.8000	-0.00170187	293.071
625.6000	-0.00169958	292.954
625.4000	-0.00170277	292.836
625.2000	-0.00170802	292.717
625.0000	-0.00170419	292.603
624.8000	-0.00170765	292.489
624.6000	-0.00171023	292.377
624.4000	-0.00171431	292.265
624.2000	-0.00171778	292.199
624.0000	-0.00172164	292.173
623.8000	-0.00172458	292.149
623.6000	-0.00171975	292.039
623.4000	-0.00172047	291.925
623.2000	-0.00172079	291.81
623.0000	-0.00172203	291.694
622.8000	-0.00171294	291.575
622.6000	-0.00170378	291.464
622.4000	-0.00169355	291.351
622.2000	-0.00168567	291.238
622.0000	-0.00168322	291.18
621.8000	-0.0016833	291.154
621.6000	-0.00167905	291.128
621.4000	-0.00167518	291.039
621.2000	-0.00168004	290.944
621.0000	-0.00168579	290.841
620.8000	-0.0016872	290.744
620.6000	-0.00168521	290.646
620.4000	-0.00168137	290.55
620.2000	-0.00167859	290.458
620.0000	-0.00167926	290.362
619.8000	-0.00168434	290.308
619.6000	-0.00168056	290.288
619.4000	-0.00167274	290.27
619.2000	-0.00167033	290.185
619.0000	-0.00166971	290.099
618.8000	-0.00166969	290.009
618.6000	-0.00166387	289.927
618.4000	-0.00165327	289.851
618.2000	-0.00164536	289.775
618.0000	-0.00163747	289.701
617.8000	-0.00163603	289.633
617.6000	-0.00163457	289.606
617.4000	-0.0016328	289.602
617.2000	-0.00163565	289.567
617.0000	-0.00163835	289.481
616.8000	-0.00164096	289.394
616.6000	-0.00163896	289.309
616.4000	-0.00163799	289.22
616.2000	-0.00163412	289.128
616.0000	-0.00162638	289.038
615.8000	-0.00162172	288.946
615.6000	-0.00161716	288.868
615.4000	-0.00161284	288.861
615.2000	-0.00160925	288.853
615.0000	-0.0016053	288.777
614.8000	-0.00160257	288.692
614.6000	-0.00160683	288.614
614.4000	-0.00161306	288.534
614.2000	-0.00161857	288.455
614.0000	-0.00161555	288.379
613.8000	-0.00161241	288.303
613.6000	-0.0016126	288.227
613.4000	-0.00161477	288.194
613.2000	-0.00161414	288.199
613.0000	-0.00161269	288.122
612.8000	-0.00160768	288.037
612.6000	-0.00159951	287.956
612.4000	-0.0015937	287.874
612.2000	-0.00159409	287.784
612.0000	-0.00159023	287.695
611.8000	-0.00158141	287.611
611.6000	-0.00157909	287.525
611.4000	-0.00158202	287.49
611.2000	-0.00158321	287.493
611.0000	-0.00158468	287.464
610.8000	-0.00158198	287.385
610.6000	-0.00158265	287.314
610.4000	-0.0015843	287.241
610.2000	-0.00159083	287.168
610.0000	-0.00159551	287.094
609.8000	-0.00158872	287.019
609.6000	-0.00158218	286.944
609.4000	-0.00157571	286.872
609.2000	-0.00157021	286.87
609.0000	-0.00156656	286.839
608.8000	-0.00156311	286.765
608.6000	-0.00155731	286.697
608.4000	-0.00155532	286.622
608.2000	-0.00155268	286.549
608.0000	-0.00154899	286.473
607.8000	-0.00154589	286.396
607.6000	-0.00154376	286.32
607.4000	-0.00154699	286.25
607.2000	-0.00155035	286.243
607.0000	-0.00155178	286.201
606.8000	-0.00155355	286.116
606.6000	-0.00154882	286.028
606.4000	-0.0015508	285.939
606.2000	-0.00155217	285.855
606.0000	-0.0015519	285.762
605.8000	-0.00155696	285.675
605.6000	-0.00155468	285.588
605.4000	-0.0015508	285.508
605.2000	-0.00154846	285.492
605.0000	-0.00154989	285.412
604.8000	-0.00154764	285.328
604.6000	-0.00154516	285.248
604.4000	-0.00153938	285.169
604.2000	-0.00153379	285.089
604.0000	-0.0015308	285.009
603.8000	-0.00152865	284.93
603.6000	-0.00153049	284.846
603.4000	-0.00151987	284.811
603.2000	-0.0015141	284.801
603.0000	-0.00151684	284.727
602.8000	-0.00151825	284.648
602.6000	-0.00152609	284.571
602.4000	-0.00152719	284.484
602.2000	-0.00152214	284.4
602.0000	-0.00151115	284.325
601.8000	-0.00150966	284.241
601.6000	-0.00150983	284.157
601.4000	-0.00150553	284.113
601.2000	-0.00149922	284.019
601.0000	-0.0014925	283.923
600.8000	-0.00148742	283.827
600.6000	-0.00148446	283.729
600.4000	-0.0014833	283.631
600.2000	-0.0014817	283.533
600.0000	-0.00148046	283.436
599.8000	-0.00148303	283.341
599.6000	-0.00148401	283.291
599.4000	-0.0014851	283.238
599.2000	-0.00148615	283.148
599.0000	-0.00148682	283.062
598.8000	-0.00149034	282.971
598.6000	-0.00149978	282.882
598.4000	-0.00150582	282.789
598.2000	-0.00151053	282.693
598.0000	-0.00151098	282.598
597.8000	-0.00151645	282.512
597.6000	-0.00151977	282.485
597.4000	-0.0015171	282.386
597.2000	-0.00151194	282.292
597.0000	-0.00150713	282.197
596.8000	-0.00150077	282.096
596.6000	-0.00149257	281.997
596.4000	-0.00149092	281.897
596.2000	-0.00148919	281.794
596.0000	-0.00147936	281.693
595.8000	-0.00147986	281.637
595.6000	-0.00148086	281.538
595.4000	-0.00148266	281.433
595.2000	-0.00148284	281.334
595.0000	-0.0014884	281.235
594.8000	-0.00148716	281.132
594.6000	-0.0014837	281.039
594.4000	-0.00148095	280.947
594.2000	-0.00147719	280.848
594.0000	-0.0014778	280.794
593.8000	-0.00147589	280.714
593.6000	-0.00147226	280.628
593.4000	-0.00146773	280.544
593.2000	-0.00146224	280.461
593.0000	-0.00145767	280.371
592.8000	-0.0014597	280.27
592.6000	-0.00145634	280.173
592.4000	-0.00144984	280.077
592.2000	-0.00144424	280.016
592.0000	-0.0014478	279.916
591.8000	-0.00144932	279.807
591.6000	-0.00145113	279.699
591.4000	-0.0014525	279.594
591.2000	-0.0014527	279.496
591.0000	-0.00144927	279.402
590.8000	-0.00145046	279.315
590.6000	-0.00145396	279.225
590.4000	-0.00144779	279.148
590.2000	-0.00144107	279.062
590.0000	-0.00143887	278.978
589.8000	-0.00143688	278.893
589.6000	-0.00142985	278.808
589.4000	-0.00143305	278.723
589.2000	-0.00143894	278.633
589.0000	-0.00144063	278.55
588.8000	-0.00143829	278.466
588.6000	-0.00143759	278.388
588.4000	-0.00143525	278.309
588.2000	-0.00143531	278.234
588.0000	-0.00143817	278.159
587.8000	-0.0014373	278.089
587.6000	-0.00143482	278.016
587.4000	-0.00143209	277.941
587.2000	-0.00143107	277.871
587.0000	-0.00143392	277.807
586.8000	-0.00143692	277.722
586.6000	-0.00143235	277.64
586.4000	-0.00142699	277.556
586.2000	-0.00142528	277.471
586.0000	-0.00142412	277.386
585.8000	-0.00142492	277.302
585.6000	-0.00141949	277.216
585.4000	-0.00141076	277.148
585.2000	-0.00139493	277.083
585.0000	-0.00138934	277.013
584.8000	-0.00138573	276.947
584.6000	-0.00137787	276.878
584.4000	-0.00137191	276.808
584.2000	-0.00136915	276.738
584.0000	-0.00136702	276.668
583.8000	-0.00136686	276.6
583.6000	-0.00137656	276.54
583.4000	-0.00138389	276.469
583.2000	-0.00138839	276.398
583.0000	-0.00139279	276.329
582.8000	-0.00139275	276.269
582.6000	-0.00139493	276.202
582.4000	-0.0013905	276.137
582.2000	-0.00138609	276.071
582.0000	-0.00137979	275.984
581.8000	-0.00137195	275.915
581.6000	-0.00137336	275.846
581.4000	-0.00137484	275.774
581.2000	-0.00137573	275.693
581.0000	-0.00137532	275.616
580.8000	-0.00137304	275.54
580.6000	-0.0013795	275.46
580.4000	-0.0013859	275.389
580.2000	-0.00138974	275.318
580.0000	-0.00138919	275.251
579.8000	-0.00138481	275.184
579.6000	-0.00138027	275.115
579.4000	-0.001373	275.053
579.2000	-0.00137037	274.991
579.0000	-0.00137168	274.928
578.8000	-0.00137041	274.866
578.6000	-0.00137085	274.775
578.4000	-0.00137188	274.7
578.2000	-0.00137046	274.62
578.0000	-0.00136518	274.548
577.8000	-0.00136573	274.474
577.6000	-0.00136791	274.395
577.4000	-0.00135954	274.316
577.2000	-0.00135529	274.213
577.0000	-0.00135162	274.12
576.8000	-0.00134392	274.055
576.6000	-0.0013384	273.992
576.4000	-0.00133362	273.926
576.2000	-0.00132832	273.863
576.0000	-0.00131924	273.796
575.8000	-0.00131213	273.735
575.6000	-0.00130493	273.657
575.4000	-0.0012994	273.596
575.2000	-0.00129418	273.535
575.0000	-0.0012866	273.471
574.8000	-0.00128826	273.412
574.6000	-0.00128873	273.346
574.4000	-0.0012879	273.282
574.2000	-0.0012847	273.217
574.0000	-0.0012821	273.128
573.8000	-0.00128417	273.052
573.6000	-0.00128818	272.975
573.4000	-0.00129158	272.907
573.2000	-0.00129426	272.842
573.0000	-0.00129236	272.773
572.8000	-0.00129272	272.704
572.6000	-0.0012974	272.635
572.4000	-0.00130092	272.516
572.2000	-0.00129628	272.445
572.0000	-0.00128718	272.377
571.8000	-0.00128215	272.304
571.6000	-0.00127534	272.227
571.4000	-0.0012658	272.152
571.2000	-0.00126293	272.082
571.0000	-0.00126259	271.979
570.8000	-0.00126135	271.884
570.6000	-0.00126528	271.816
570.4000	-0.00126751	271.75
570.2000	-0.00127119	271.686
570.0000	-0.00127159	271.622
569.8000	-0.00127138	271.562
569.6000	-0.00127111	271.498
569.4000	-0.00126822	271.381
569.2000	-0.00126407	271.318
569.0000	-0.00125507	271.25
568.8000	-0.00125052	271.188
568.6000	-0.00124631	271.127
568.4000	-0.00123793	271.067
568.2000	-0.00123554	271.003
568.0000	-0.00123415	270.909
567.8000	-0.00123135	270.825
567.6000	-0.00123101	270.77
567.4000	-0.00122964	270.713
567.2000	-0.00123499	270.658
567.0000	-0.00123158	270.602
566.8000	-0.00123033	270.543
566.6000	-0.00123178	270.461
566.4000	-0.00123142	270.355
566.2000	-0.00122686	270.3
566.0000	-0.0012212	270.247
565.8000	-0.00121852	270.192
565.6000	-0.00121122	270.135
565.4000	-0.00120698	270.071
565.2000	-0.00120587	270.007
565.0000	-0.00120414	269.901
564.8000	-0.00120173	269.842
564.6000	-0.00120531	269.78
564.4000	-0.00120871	269.719
564.2000	-0.00121334	269.659
564.0000	-0.0012137	269.604
563.8000	-0.00121509	269.549
563.6000	-0.00121402	269.441
563.4000	-0.00121704	269.367
563.2000	-0.00121498	269.312
563.0000	-0.00121149	269.26
562.8000	-0.00120368	269.205
562.6000	-0.00119374	269.153
562.4000	-0.001187	269.097
562.2000	-0.00118495	268.979
562.0000	-0.0011845	268.896
561.8000	-0.00117969	268.828
561.6000	-0.00117355	268.757
561.4000	-0.0011713	268.693
561.2000	-0.00116605	268.624
561.0000	-0.00116594	268.555
560.8000	-0.00116633	268.436
560.6000	-0.00116543	268.346
560.4000	-0.00116186	268.286
560.2000	-0.00116172	268.225
560.0000	-0.00116379	268.164
559.8000	-0.00116491	268.104
559.6000	-0.00116351	268.045
559.4000	-0.00116329	267.934
559.2000	-0.0011609	267.858
559.0000	-0.00115632	267.8
558.8000	-0.00115091	267.745
558.6000	-0.00114393	267.689
558.4000	-0.00113981	267.637
558.2000	-0.00113432	267.588
558.0000	-0.0011341	267.48
557.8000	-0.00113571	267.399
557.6000	-0.00113427	267.34
557.4000	-0.00113789	267.279
557.2000	-0.00113819	267.219
557.0000	-0.00113216	267.158
556.8000	-0.00112252	267.069
556.6000	-0.00111634	266.954
556.4000	-0.00111001	266.871
556.2000	-0.00109991	266.816
556.0000	-0.00109482	266.762
555.8000	-0.00108763	266.71
555.6000	-0.00108507	266.661
555.4000	-0.00108262	266.556
555.2000	-0.0010924	266.455
555.0000	-0.00109438	266.4
554.8000	-0.00109396	266.341
554.6000	-0.00109778	266.281
554.4000	-0.00110001	266.226
554.2000	-0.00110435	266.161
554.0000	-0.00110313	266.053
553.8000	-0.00110535	265.978
553.6000	-0.00110034	265.929
553.4000	-0.00109648	265.883
553.2000	-0.00108988	265.836
553.0000	-0.001085	265.796
552.8000	-0.00108046	265.735
552.6000	-0.00107489	265.651
552.4000	-0.00107062	265.599
552.2000	-0.00106582	265.561
552.0000	-0.00106232	265.529
551.8000	-0.00106269	265.495
551.6000	-0.00106696	265.461
551.4000	-0.00106848	265.366
551.2000	-0.00106722	265.273
551.0000	-0.00106484	265.219
550.8000	-0.00106256	265.165
550.6000	-0.00106041	265.112
550.4000	-0.00106465	265.058
550.2000	-0.00106287	264.98
550.0000	-0.00105767	264.871
549.8000	-0.00105285	264.805
549.6000	-0.0010554	264.766
549.4000	-0.00105905	264.717
549.2000	-0.0010593	264.667
549.0000	-0.00105863	264.593
548.8000	-0.0010513	264.488
548.6000	-0.00104681	264.393
548.4000	-0.00105378	264.346
548.2000	-0.00105389	264.298
548.0000	-0.00104684	264.246
547.8000	-0.00103977	264.195
547.6000	-0.0010411	264.103
547.4000	-0.00104466	264.013
547.2000	-0.0010465	263.972
547.0000	-0.00104926	263.927
546.8000	-0.00104302	263.878
546.6000	-0.0010355	263.832
546.4000	-0.00103693	263.738
546.2000	-0.00103291	263.644
546.0000	-0.00102737	263.579
545.8000	-0.00101793	263.529
545.6000	-0.00101257	263.482
545.4000	-0.00100786	263.437
545.2000	-0.00100817	263.367
545.0000	-0.00100721	263.265
544.8000	-0.00100303	263.196
544.6000	-0.00100499	263.144
544.4000	-0.00101017	263.093
544.2000	-0.00101588	263.043
544.0000	-0.00101845	262.979
543.8000	-0.00101716	262.889
543.6000	-0.00101623	262.805
543.4000	-0.00101355	262.77
543.2000	-0.00101529	262.73
543.0000	-0.00101614	262.691
542.8000	-0.00101573	262.641
542.6000	-0.0010073	262.563
542.4000	-0.000995633	262.492
542.2000	-0.00098811	262.463
542.0000	-0.000987323	262.437
541.8000	-0.000986655	262.407
541.6000	-0.000987799	262.363
541.4000	-0.000983325	262.294
541.2000	-0.000976428	262.224
541.0000	-0.000967792	262.196
540.8000	-0.000965912	262.17
540.6000	-0.000967026	262.143
540.4000	-0.000963971	262.096
540.2000	-0.000959842	262.022
540.0000	-0.000958722	261.952
539.8000	-0.000958951	261.929
539.6000	-0.000958655	261.908
539.4000	-0.000962546	261.882
539.2000	-0.000967072	261.815
539.0000	-0.000970541	261.732
538.8000	-0.00097265	261.649
538.6000	-0.000973578	261.607
538.4000	-0.000966998	261.571
538.2000	-0.000962891	261.531
538.0000	-0.000958884	261.427
537.8000	-0.000955554	261.322
537.6000	-0.00095072	261.248
537.4000	-0.000943619	261.193
537.2000	-0.000941064	261.142
537.0000	-0.000933194	261.092
536.8000	-0.000930426	261.002
536.6000	-0.000930273	260.905
536.4000	-0.000931924	260.853
536.2000	-0.000927289	260.817
536.0000	-0.000926465	260.777
535.8000	-0.000925281	260.723
535.6000	-0.000924454	260.641
535.4000	-0.00091976	260.557
535.2000	-0.00091716	260.492
535.0000	-0.000919562	260.453
534.8000	-0.000921423	260.405
534.6000	-0.000924692	260.319
534.4000	-0.000930167	260.233
534.2000	-0.000935797	260.145
534.0000	-0.000932343	260.11
533.8000	-0.000931372	260.077
533.6000	-0.000934161	260.046
533.4000	-0.000929233	259.971
533.2000	-0.000919086	259.903
533.0000	-0.000911237	259.86
532.8000	-0.000903336	259.837
532.6000	-0.000897339	259.821
532.4000	-0.000892609	259.774
532.2000	-0.000886441	259.691
532.0000	-0.000879761	259.614
531.8000	-0.000878275	259.564
531.6000	-0.000880942	259.526
531.4000	-0.000879697	259.49
531.2000	-0.00087991	259.411
531.0000	-0.000872543	259.327
530.8000	-0.000867777	259.248
530.6000	-0.000865732	259.212
530.4000	-0.000865179	259.173
530.2000	-0.000861511	259.117
530.0000	-0.000856271	259.033
529.8000	-0.000855118	258.947
529.6000	-0.000853586	258.889
529.4000	-0.000850974	258.849
529.2000	-0.000848419	258.785
529.0000	-0.000850919	258.707
528.8000	-0.000850882	258.632
528.6000	-0.000849429	258.558
528.4000	-0.000852136	258.532
528.2000	-0.000852203	258.504
528.0000	-0.000847739	258.441
527.8000	-0.000844769	258.375
527.6000	-0.00084537	258.316
527.4000	-0.00083862	258.3
527.2000	-0.000831897	258.279
527.0000	-0.00082543	258.243
526.8000	-0.000817676	258.177
526.6000	-0.000813937	258.113
526.4000	-0.000810971	258.071
526.2000	-0.000812289	258.046
526.0000	-0.000809943	258.005
525.8000	-0.000807507	257.938
525.6000	-0.000803094	257.873
525.4000	-0.000802115	257.81
525.2000	-0.000798059	257.791
525.0000	-0.000790442	257.773
524.8000	-0.000786029	257.719
524.6000	-0.00078288	257.657
524.4000	-0.000777924	257.604
524.2000	-0.00077348	257.595
524.0000	-0.000775714	257.579
523.8000	-0.000775742	257.522
523.6000	-0.000780713	257.458
523.4000	-0.000784232	257.4
523.2000	-0.000786319	257.361
523.0000	-0.000782202	257.343
522.8000	-0.000783096	257.285
522.6000	-0.000780374	257.221
522.4000	-0.00077616	257.162
522.2000	-0.000773492	257.136
522.0000	-0.000763474	257.126
521.8000	-0.000759128	257.067
521.6000	-0.000755576	257.003
521.4000	-0.000752234	256.94
521.2000	-0.000745056	256.908
521.0000	-0.000737253	256.895
520.8000	-0.000736441	256.834
520.6000	-0.00073627	256.769
520.4000	-0.000735153	256.707
520.2000	-0.000730191	256.682
520.0000	-0.000722751	256.675
519.8000	-0.000714685	256.633
519.6000	-0.000714117	256.586
519.4000	-0.000717523	256.542
519.2000	-0.000713739	256.527
519.0000	-0.000710278	256.528
518.8000	-0.000704834	256.487
518.6000	-0.000704257	256.44
518.4000	-0.000704984	256.388
518.2000	-0.000708862	256.36
518.0000	-0.000707346	256.351
517.8000	-0.000704034	256.299
517.6000	-0.00069595	256.241
517.4000	-0.000691278	256.185
517.2000	-0.000687836	256.154
517.0000	-0.000682089	256.142
516.8000	-0.000682217	256.104
516.6000	-0.000683865	256.057
516.4000	-0.000686868	256.01
516.2000	-0.000690387	255.993
516.0000	-0.000698447	255.988
515.8000	-0.00070394	255.937
515.6000	-0.000709897	255.882
515.4000	-0.000715591	255.826
515.2000	-0.000717798	255.796
515.0000	-0.000713132	255.763
514.8000	-0.000707397	255.708
514.6000	-0.000705948	255.657
514.4000	-0.000700836	255.602
514.2000	-0.000697021	255.582
514.0000	-0.000697369	255.563
513.8000	-0.000699274	255.528
513.6000	-0.000698105	255.497
513.4000	-0.000695221	255.47
513.2000	-0.000696271	255.481
513.0000	-0.000695889	255.451
512.8000	-0.000695578	255.421
512.6000	-0.000703656	255.395
512.4000	-0.000703128	255.369
512.2000	-0.000704883	255.365
512.0000	-0.000710703	255.335
511.8000	-0.000717239	255.304
511.6000	-0.000722034	255.275
511.4000	-0.000718509	255.273
511.2000	-0.000716379	255.271
511.0000	-0.000715045	255.239
510.8000	-0.000715576	255.206
510.6000	-0.000716058	255.179
510.4000	-0.000718591	255.18
510.2000	-0.000723206	255.145
510.0000	-0.000727151	255.107
509.8000	-0.000737085	255.068
509.6000	-0.000742896	255.028
509.4000	-0.00074502	255.013
509.2000	-0.000741278	254.979
509.0000	-0.000743021	254.941
508.8000	-0.00073847	254.907
508.6000	-0.000734103	254.895
508.4000	-0.000730142	254.856
508.2000	-0.000724548	254.807
508.0000	-0.00072215	254.764
507.8000	-0.00071958	254.724
507.6000	-0.000726141	254.701
507.4000	-0.000726523	254.65
507.2000	-0.000729926	254.596
507.0000	-0.000733463	254.543
506.8000	-0.000736423	254.517
506.6000	-0.000738333	254.474
506.4000	-0.000738458	254.422
506.2000	-0.000741501	254.373
506.0000	-0.000744025	254.317
505.8000	-0.000745639	254.276
505.6000	-0.000748593	254.219
505.4000	-0.0007505	254.162
505.2000	-0.000752612	254.097
505.0000	-0.00075925	254.056
504.8000	-0.000769171	253.999
504.6000	-0.000777777	253.941
504.4000	-0.000784119	253.88
504.2000	-0.000789233	253.831
504.0000	-0.000790073	253.786
503.8000	-0.000796075	253.739
503.6000	-0.000796051	253.697
503.4000	-0.000797317	253.665
503.2000	-0.000798453	253.639
503.0000	-0.000798746	253.606
502.8000	-0.000801218	253.578
502.6000	-0.000805225	253.552
502.4000	-0.000809589	253.554
502.2000	-0.000813501	253.538
502.0000	-0.000814291	253.524
501.8000	-0.00081795	253.503
501.6000	-0.000823431	253.486
501.4000	-0.000825946	253.463
501.2000	-0.000830673	253.437
501.0000	-0.000828409	253.411
500.8000	-0.000827106	253.386
500.6000	-0.000830148	253.358
500.4000	-0.00083356	253.325
500.2000	-0.000837274	253.284
500.0000	-0.000838342	253.244
499.8000	-0.000835818	253.211
499.6000	-0.000836179	253.176
499.4000	-0.000841986	253.13
499.2000	-0.000851263	253.074
499.0000	-0.000858502	253.012
498.8000	-0.000864539	252.952
498.6000	-0.000867569	252.891
498.4000	-0.000872275	252.829
498.2000	-0.00088317	252.763
498.0000	-0.000893381	252.69
497.8000	-0.00089736	252.612
497.6000	-0.000898465	252.537
497.4000	-0.000899478	252.454
497.2000	-0.000900836	252.361
497.0000	-0.000907806	252.256
496.8000	-0.000915591	252.143
496.6000	-0.000917404	252.029
496.4000	-0.000916766	251.891
496.2000	-0.000921173	251.756
496.0000	-0.000928229	251.607
495.8000	-0.000935214	251.443
495.6000	-0.000936276	251.258
495.4000	-0.000933435	251.082
495.2000	-0.000925934	250.898
495.0000	-0.000925101	250.692
494.8000	-0.000927893	250.454
494.6000	-0.0009314	250.217
494.4000	-0.000928445	249.966
494.2000	-0.000925415	249.701
494.0000	-0.000933661	249.419
493.8000	-0.000942575	249.137
493.6000	-0.000952408	248.854
493.4000	-0.000955475	248.579
493.2000	-0.000954077	248.31
493.0000	-0.000949545	248.082
492.8000	-0.000951575	247.881
492.6000	-0.000951224	247.722
492.4000	-0.000942929	247.601
492.2000	-0.000934695	247.542
492.0000	-0.000929706	247.537
491.8000	-0.000926172	247.587
491.6000	-0.000924106	247.677
491.4000	-0.000924573	247.828
491.2000	-0.000917355	248.017
491.0000	-0.000914798	248.237
490.8000	-0.000913928	248.457
490.6000	-0.000912189	248.69
490.4000	-0.000911227	248.919
490.2000	-0.000918155	249.112
490.0000	-0.000921912	249.286
489.8000	-0.000924451	249.445
489.6000	-0.000928741	249.569
489.4000	-0.000934354	249.65
489.2000	-0.000939111	249.704
489.0000	-0.000943512	249.75
488.8000	-0.000947983	249.778
488.6000	-0.000945236	249.777
488.4000	-0.000940747	249.765
488.2000	-0.000936667	249.742
488.0000	-0.00093493	249.707
487.8000	-0.000929974	249.641
487.6000	-0.000921857	249.587
487.4000	-0.000916541	249.53
487.2000	-0.000913544	249.452
487.0000	-0.0009056	249.325
486.8000	-0.000905945	249.209
486.6000	-0.000904382	249.078
486.4000	-0.000898825	248.908
486.2000	-0.000899344	248.722
486.0000	-0.000902722	248.528
485.8000	-0.000909479	248.313
485.6000	-0.000912625	248.056
485.4000	-0.000919678	247.797
485.2000	-0.000928378	247.544
485.0000	-0.000930551	247.286
484.8000	-0.000935507	246.992
484.6000	-0.000938766	246.725
484.4000	-0.000935364	246.461
484.2000	-0.000927402	246.19
484.0000	-0.000920093	245.926
483.8000	-0.000912997	245.69
483.6000	-0.000898361	245.473
483.4000	-0.000890176	245.237
483.2000	-0.0008824	245.036
483.0000	-0.000871927	244.869
482.8000	-0.000864569	244.717
482.6000	-0.000862839	244.568
482.4000	-0.000865207	244.466
482.2000	-0.000857962	244.396
482.0000	-0.000849182	244.346
481.8000	-0.000842029	244.335
481.6000	-0.000832339	244.38
481.4000	-0.000826566	244.468
481.2000	-0.000820468	244.565
481.0000	-0.000813074	244.711
480.8000	-0.000799182	244.905
480.6000	-0.000794382	245.108
480.4000	-0.000799072	245.317
480.2000	-0.00079986	245.556
480.0000	-0.000799219	245.789
479.8000	-0.000799695	245.981
479.6000	-0.000798117	246.172
479.4000	-0.000796603	246.355
479.2000	-0.000801025	246.493
479.0000	-0.000804752	246.582
478.8000	-0.000805316	246.669
478.6000	-0.000804056	246.725
478.4000	-0.0008064	246.728
478.2000	-0.00080694	246.716
478.0000	-0.000810599	246.692
477.8000	-0.000819556	246.628
477.6000	-0.000821725	246.528
477.4000	-0.000820474	246.435
477.2000	-0.000812186	246.319
477.0000	-0.000812643	246.145
476.8000	-0.00081174	245.962
476.6000	-0.00080712	245.751
476.4000	-0.00080636	245.464
476.2000	-0.000804846	245.137
476.0000	-0.000805231	244.779
475.8000	-0.000809253	244.349
475.6000	-0.00081749	243.85
475.4000	-0.000821899	243.325
475.2000	-0.000818958	242.77
475.0000	-0.000821198	242.169
474.8000	-0.00082515	241.58
474.6000	-0.000819339	241.025
474.4000	-0.000815775	240.502
474.2000	-0.000804681	240.043
474.0000	-0.000794434	239.696
473.8000	-0.000782141	239.423
473.6000	-0.000773752	239.226
473.4000	-0.000760291	239.137
473.2000	-0.000742633	239.139
473.0000	-0.000736047	239.178
472.8000	-0.000727988	239.255
472.6000	-0.000720944	239.365
472.4000	-0.00071604	239.443
472.2000	-0.000712555	239.491
472.0000	-0.000709051	239.517
471.8000	-0.000706458	239.468
471.6000	-0.000707852	239.348
471.4000	-0.000708148	239.178
471.2000	-0.000704584	238.945
471.0000	-0.000704645	238.646
470.8000	-0.000707346	238.316
470.6000	-0.000709454	237.962
470.4000	-0.000713016	237.56
470.2000	-0.000713763	237.143
470.0000	-0.000712646	236.747
469.8000	-0.000708838	236.322
469.6000	-0.000704321	235.911
469.4000	-0.000697781	235.543
469.2000	-0.000687476	235.178
469.0000	-0.000678122	234.846
468.8000	-0.00066662	234.587
468.6000	-0.000655673	234.382
468.4000	-0.000649396	234.229
468.2000	-0.000641284	234.176
468.0000	-0.000630478	234.201
467.8000	-0.000625385	234.289
467.6000	-0.00061767	234.473
467.4000	-0.000613419	234.728
467.2000	-0.000603775	235.023
467.0000	-0.000599832	235.368
466.8000	-0.000596292	235.769
466.6000	-0.000591507	236.152
466.4000	-0.00059234	236.528
466.2000	-0.000590222	236.915
466.0000	-0.000592706	237.24
465.8000	-0.000597031	237.517
465.6000	-0.000600983	237.765
465.4000	-0.000604135	237.93
465.2000	-0.00060365	238.038
465.0000	-0.000607825	238.115
464.8000	-0.000613104	238.122
464.6000	-0.000619547	238.09
464.4000	-0.000624634	238.035
464.2000	-0.000624222	237.947
464.0000	-0.000617957	237.847
463.8000	-0.000617804	237.758
463.6000	-0.000622803	237.66
463.4000	-0.000626157	237.573
463.2000	-0.000626328	237.526
463.0000	-0.000621011	237.498
462.8000	-0.000614645	237.499
462.6000	-0.000614536	237.553
462.4000	-0.000615689	237.626
462.2000	-0.000615341	237.736
462.0000	-0.000612259	237.899
461.8000	-0.00061384	238.065
461.6000	-0.000614371	238.247
461.4000	-0.000615829	238.453
461.2000	-0.000616901	238.641
461.0000	-0.000616187	238.821
460.8000	-0.000619534	239.003
460.6000	-0.000616931	239.146
460.4000	-0.000618863	239.261
460.2000	-0.000619611	239.347
460.0000	-0.000612595	239.402
459.8000	-0.000610419	239.426
459.6000	-0.000611591	239.433
459.4000	-0.000612854	239.415
459.2000	-0.000612488	239.381
459.0000	-0.000613638	239.344
458.8000	-0.000618646	239.289
458.6000	-0.000613358	239.251
458.4000	-0.000606436	239.241
458.2000	-0.000608002	239.23
458.0000	-0.00061106	239.246
457.8000	-0.000610886	239.277
457.6000	-0.000609491	239.334
457.4000	-0.000607852	239.417
457.2000	-0.000606281	239.517
457.0000	-0.000607529	239.631
456.8000	-0.000615009	239.751
456.6000	-0.000619934	239.869
456.4000	-0.00061734	239.984
456.2000	-0.000614478	240.1
456.0000	-0.00061174	240.205
455.8000	-0.000614542	240.293
455.6000	-0.000616708	240.379
455.4000	-0.000619778	240.439
455.2000	-0.000619495	240.48
455.0000	-0.000621927	240.49
454.8000	-0.000626114	240.48
454.6000	-0.000626221	240.442
454.4000	-0.000626364	240.364
454.2000	-0.000628024	240.245
454.0000	-0.000628589	240.082
453.8000	-0.000627579	239.899
453.6000	-0.000635861	239.699
453.4000	-0.000643802	239.491
453.2000	-0.000643607	239.275
453.0000	-0.000645428	239.057
452.8000	-0.00065278	238.837
452.6000	-0.000658493	238.634
452.4000	-0.00065936	238.432
452.2000	-0.000659842	238.232
452.0000	-0.00065708	238.033
451.8000	-0.000650595	237.822
451.6000	-0.000649936	237.621
451.4000	-0.000649316	237.423
451.2000	-0.000643646	237.237
451.0000	-0.000634012	237.101
450.8000	-0.000629318	237.024
450.6000	-0.000629834	237.001
450.4000	-0.000629956	237.06
450.2000	-0.000627063	237.184
450.0000	-0.000621158	237.39
449.8000	-0.000622787	237.67
449.6000	-0.000624493	238
449.4000	-0.000630371	238.371
449.2000	-0.000634058	238.756
449.0000	-0.000635504	239.126
448.8000	-0.00063808	239.487
448.6000	-0.000640881	239.801
448.4000	-0.000651669	240.08
448.2000	-0.000656812	240.318
448.0000	-0.000654547	240.502
447.8000	-0.000657291	240.647
447.6000	-0.000665283	240.742
447.4000	-0.000669171	240.813
447.2000	-0.000673474	240.869
447.0000	-0.00067832	240.884
446.8000	-0.000679492	240.914
446.6000	-0.000684277	240.915
446.4000	-0.000694601	240.907
446.2000	-0.000705499	240.899
446.0000	-0.000715347	240.864
445.8000	-0.000725543	240.842
445.6000	-0.000730179	240.804
445.4000	-0.000732156	240.771
445.2000	-0.000741544	240.743
445.0000	-0.000750455	240.696
444.8000	-0.000760776	240.668
444.6000	-0.000767108	240.629
444.4000	-0.000765851	240.6
444.2000	-0.000760934	240.576
444.0000	-0.000765076	240.533
443.8000	-0.000769507	240.504
443.6000	-0.000772137	240.459
443.4000	-0.00077113	240.41
443.2000	-0.000771616	240.369
443.0000	-0.000775595	240.312
442.8000	-0.000788815	240.271
442.6000	-0.000799081	240.217
442.4000	-0.000806216	240.165
442.2000	-0.000809488	240.125
442.0000	-0.000812033	240.061
441.8000	-0.00081394	240.023
441.6000	-0.000819867	239.978
441.4000	-0.000818552	239.925
441.2000	-0.000813812	239.886
441.0000	-0.000815549	239.828
440.8000	-0.000819751	239.787
440.6000	-0.000821503	239.719
440.4000	-0.000825272	239.656
440.2000	-0.000832275	239.587
440.0000	-0.000827219	239.494
439.8000	-0.000832309	239.422
439.6000	-0.000835599	239.323
439.4000	-0.000837061	239.227
439.2000	-0.000835745	239.122
439.0000	-0.000840302	239.018
438.8000	-0.000841284	238.944
438.6000	-0.000838632	238.858
438.4000	-0.000840622	238.806
438.2000	-0.00084039	238.744
438.0000	-0.000839413	238.71
437.8000	-0.000843735	238.699
437.6000	-0.000853589	238.7
437.4000	-0.00085993	238.73
437.2000	-0.000860239	238.754
437.0000	-0.000862054	238.796
436.8000	-0.000863092	238.822
436.6000	-0.000864774	238.868
436.4000	-0.000867877	238.912
436.2000	-0.000864252	238.934
436.0000	-0.000857681	238.952
435.8000	-0.000850696	238.954
435.6000	-0.000850784	238.96
435.4000	-0.000851071	238.943
435.2000	-0.00085025	238.938
435.0000	-0.000853677	238.915
434.8000	-0.000854083	238.878
434.6000	-0.000858609	238.844
434.4000	-0.000864752	238.809
434.2000	-0.00086756	238.783
434.0000	-0.000867065	238.729
433.8000	-0.000864847	238.694
433.6000	-0.000867874	238.647
433.4000	-0.000868402	238.608
433.2000	-0.000870621	238.558
433.0000	-0.000871124	238.515
432.8000	-0.000868497	238.467
432.6000	-0.000867993	238.412
432.4000	-0.000866104	238.365
432.2000	-0.000869128	238.305
432.0000	-0.00087121	238.259
431.8000	-0.000870392	238.194
431.6000	-0.000868674	238.142
431.4000	-0.000862286	238.078
431.2000	-0.00085759	238.023
431.0000	-0.000852039	237.962
430.8000	-0.000846082	237.899
430.6000	-0.000839255	237.849
430.4000	-0.000833838	237.781
430.2000	-0.000831519	237.722
430.0000	-0.000831268	237.664
429.8000	-0.000838382	237.605
429.6000	-0.000842743	237.534
429.4000	-0.000844058	237.475
429.2000	-0.000844409	237.404
429.0000	-0.000843848	237.334
428.8000	-0.000838651	237.26
428.6000	-0.000837213	237.189
428.4000	-0.000839563	237.108
428.2000	-0.000832321	237.032
428.0000	-0.000824725	236.959
427.8000	-0.000819168	236.885
427.6000	-0.000815634	236.806
427.4000	-0.000818933	236.737
427.2000	-0.000826434	236.672
427.0000	-0.000831326	236.603
426.8000	-0.00082771	236.541
426.6000	-0.000828137	236.476
426.4000	-0.00083038	236.414
426.2000	-0.000829999	236.351
426.0000	-0.000831311	236.29
425.8000	-0.000830258	236.224
425.6000	-0.000830081	236.151
425.4000	-0.000826361	236.088
425.2000	-0.000825461	236.015
425.0000	-0.000825528	235.948
424.8000	-0.000817505	235.875
424.6000	-0.000814017	235.805
424.4000	-0.000810312	235.729
424.2000	-0.000807135	235.664
424.0000	-0.000800678	235.583
423.8000	-0.000801154	235.51
423.6000	-0.000797507	235.426
423.4000	-0.000794287	235.349
423.2000	-0.00079559	235.266
423.0000	-0.000795847	235.183
422.8000	-0.000796494	235.087
422.6000	-0.000795334	234.996
422.4000	-0.000798724	234.896
422.2000	-0.000793222	234.792
422.0000	-0.000789917	234.674
421.8000	-0.000790216	234.562
421.6000	-0.000793265	234.429
421.4000	-0.000791541	234.297
421.2000	-0.000792407	234.15
421.0000	-0.000796771	234.004
420.8000	-0.000797614	233.846
420.6000	-0.00079595	233.711
420.4000	-0.000792044	233.571
420.2000	-0.000788516	233.447
420.0000	-0.000784021	233.331
419.8000	-0.000785605	233.246
419.6000	-0.000784653	233.18
419.4000	-0.00078114	233.143
419.2000	-0.000777801	233.13
419.0000	-0.000780682	233.136
418.8000	-0.000787473	233.143
418.6000	-0.000793549	233.189
418.4000	-0.000792429	233.219
418.2000	-0.000786438	233.272
418.0000	-0.000783676	233.309
417.8000	-0.000785571	233.361
417.6000	-0.00078606	233.383
417.4000	-0.000785278	233.417
417.2000	-0.000782562	233.445
417.0000	-0.000774805	233.455
416.8000	-0.000774548	233.451
416.6000	-0.000774326	233.439
416.4000	-0.000773129	233.417
416.2000	-0.000771732	233.386
416.0000	-0.000770227	233.35
415.8000	-0.000769357	233.302
415.6000	-0.000768774	233.248
415.4000	-0.000769916	233.182
415.2000	-0.000769461	233.12
415.0000	-0.000771704	233.044
414.8000	-0.000775037	232.978
414.6000	-0.000779974	232.893
414.4000	-0.000777017	232.812
414.2000	-0.000774249	232.725
414.0000	-0.000767056	232.645
413.8000	-0.000765805	232.557
413.6000	-0.000771014	232.461
413.4000	-0.000769031	232.381
413.2000	-0.000769849	232.292
413.0000	-0.000761459	232.217
412.8000	-0.000758197	232.135
412.6000	-0.000758276	232.065
412.4000	-0.000757382	231.99
412.2000	-0.000760605	231.933
412.0000	-0.000756879	231.882
411.8000	-0.000756589	231.826
411.6000	-0.000748303	231.784
411.4000	-0.000750183	231.738
411.2000	-0.000752945	231.694
411.0000	-0.00075079	231.652
410.8000	-0.000751236	231.616
410.6000	-0.00074743	231.571
410.4000	-0.000741321	231.532
410.2000	-0.000733688	231.499
410.0000	-0.000736636	231.458
409.8000	-0.000733255	231.414
409.6000	-0.000726733	231.37
409.4000	-0.000720346	231.338
409.2000	-0.000717279	231.301
409.0000	-0.000713989	231.261
408.8000	-0.000713937	231.236
408.6000	-0.000711224	231.202
408.4000	-0.000713156	231.171
408.2000	-0.000713614	231.136
408.0000	-0.00071304	231.102
407.8000	-0.000715335	231.066
407.6000	-0.000714761	231.033
407.4000	-0.000718103	231.002
407.2000	-0.000714175	230.967
407.0000	-0.000712247	230.931
406.8000	-0.000704245	230.897
406.6000	-0.000693585	230.863
406.4000	-0.000691989	230.83
406.2000	-0.000691205	230.792
406.0000	-0.000691086	230.758
405.8000	-0.000684625	230.726
405.6000	-0.000678763	230.681
405.4000	-0.000681052	230.636
405.2000	-0.000682477	230.595
405.0000	-0.000682089	230.545
404.8000	-0.000681198	230.513
404.6000	-0.000675366	230.475
404.4000	-0.000667688	230.435
404.2000	-0.000670193	230.392
404.0000	-0.00067233	230.343
403.8000	-0.000672159	230.293
403.6000	-0.000671063	230.248
403.4000	-0.000668396	230.203
403.2000	-0.000663773	230.152
403.0000	-0.000659277	230.094
402.8000	-0.000663562	230.029
402.6000	-0.000662903	229.97
402.4000	-0.000662115	229.905
402.2000	-0.00066185	229.837
402.0000	-0.000660199	229.775
401.8000	-0.000657532	229.703
401.6000	-0.000657422	229.631
401.4000	-0.000659689	229.549
401.2000	-0.000656351	229.467
401.0000	-0.000649307	229.385
400.8000	-0.000647403	229.299
400.6000	-0.000643631	229.212
400.4000	-0.000643359	229.121
400.2000	-0.000644775	229.019
400.0000	-0.0006452	228.922
399.8000	-0.000641196	228.832
399.6000	-0.000641254	228.741
399.4000	-0.000645477	228.66
399.2000	-0.000647025	228.576
399.0000	-0.000650119	228.496
398.8000	-0.000651349	228.426
398.6000	-0.000651147	228.362
398.4000	-0.000652475	228.304
398.2000	-0.000657626	228.266
398.0000	-0.0006604	228.223
397.8000	-0.000656058	228.196
397.6000	-0.000649655	228.186
397.4000	-0.000647873	228.172
397.2000	-0.000643689	228.18
397.0000	-0.000643665	228.204
396.8000	-0.00064426	228.227
396.6000	-0.000636859	228.265
396.4000	-0.000631946	228.305
396.2000	-0.000634326	228.349
396.0000	-0.000634641	228.406
395.8000	-0.000629773	228.47
395.6000	-0.000624063	228.536
395.4000	-0.000621863	228.615
395.2000	-0.000618903	228.69
395.0000	-0.000619907	228.77
394.8000	-0.000621793	228.855
394.6000	-0.000616074	228.943
394.4000	-0.000605969	229.028
394.2000	-0.000602203	229.109
394.0000	-0.000602652	229.189
393.8000	-0.000600406	229.275
393.6000	-0.000599918	229.362
393.4000	-0.00059743	229.448
393.2000	-0.000597665	229.539
393.0000	-0.00059566	229.632
392.8000	-0.000599875	229.722
392.6000	-0.00060004	229.827
392.4000	-0.000603278	229.924
392.2000	-0.0006039	230.02
392.0000	-0.000604068	230.115
391.8000	-0.000601868	230.212
391.6000	-0.000600775	230.313
391.4000	-0.00060192	230.42
391.2000	-0.000602957	230.539
391.0000	-0.000604337	230.664
390.8000	-0.000603632	230.8
390.6000	-0.000607278	230.938
390.4000	-0.000608667	231.085
390.2000	-0.000609537	231.237
390.0000	-0.000609207	231.404
389.8000	-0.000606729	231.574
389.6000	-0.000607602	231.743
389.4000	-0.000603256	231.912
389.2000	-0.000603558	232.084
389.0000	-0.000600607	232.27
388.8000	-0.000598236	232.462
388.6000	-0.00060029	232.667
388.4000	-0.000603674	232.868
388.2000	-0.000605563	233.074
388.0000	-0.000610129	233.287
387.8000	-0.000618607	233.508
387.6000	-0.000627261	233.727
387.4000	-0.000633475	233.961
387.2000	-0.00063237	234.184
387.0000	-0.000630402	234.414
386.8000	-0.000624155	234.651
386.6000	-0.000626752	234.908
386.4000	-0.000624265	235.167
386.2000	-0.000620834	235.43
386.0000	-0.000621204	235.705
385.8000	-0.000617728	235.987
385.6000	-0.000618997	236.281
385.4000	-0.000622809	236.588
385.2000	-0.00063317	236.9
385.0000	-0.000637857	237.226
384.8000	-0.000637677	237.555
384.6000	-0.000637021	237.891
384.4000	-0.000638251	238.246
384.2000	-0.000637784	238.613
384.0000	-0.000633734	238.991
383.8000	-0.000634174	239.378
383.6000	-0.000636694	239.784
383.4000	-0.000633743	240.198
383.2000	-0.000632199	240.627
383.0000	-0.000640161	241.074
382.8000	-0.000645853	241.533
382.6000	-0.000646686	242.017
382.4000	-0.000649707	242.513
382.2000	-0.000646912	243.021
382.0000	-0.000637051	243.541
381.8000	-0.000633463	244.081
381.6000	-0.000636761	244.642
381.4000	-0.000631488	245.205
381.2000	-0.000625598	245.797
381.0000	-0.000620337	246.401
380.8000	-0.000619873	247.018
380.6000	-0.000622668	247.671
380.4000	-0.000625916	248.341
380.2000	-0.000625955	249.033
380.0000	-0.000621469	249.743
379.8000	-0.000618079	250.481
379.6000	-0.00061868	251.247
379.4000	-0.000619229	252.027
379.2000	-0.000614444	252.843
379.0000	-0.000612457	253.682
378.8000	-0.000612235	254.543
378.6000	-0.000611359	255.423
378.4000	-0.000612485	256.34
378.2000	-0.000611954	257.276
378.0000	-0.000615323	258.229
377.8000	-0.000614835	259.213
377.6000	-0.000619778	260.229
377.4000	-0.000619608	261.257
377.2000	-0.000622058	262.328
377.0000	-0.000625995	263.428
376.8000	-0.000630856	264.551
376.6000	-0.000636377	265.704
376.4000	-0.000636136	266.898
376.2000	-0.000637534	268.109
376.0000	-0.000636716	269.346
375.8000	-0.000640314	270.609
375.6000	-0.00064671	271.882
375.4000	-0.00064722	273.181
375.2000	-0.000639075	274.508
375.0000	-0.000638208	275.861
374.8000	-0.000639474	277.242
374.6000	-0.000637036	278.654
374.4000	-0.000639276	280.103
374.2000	-0.000640784	281.591
374.0000	-0.000640124	283.112
373.8000	-0.000641348	284.687
373.6000	-0.000642874	286.289
373.4000	-0.000637515	287.93
373.2000	-0.000632462	289.615
373.0000	-0.000629129	291.343
372.8000	-0.000631924	293.106
372.6000	-0.000634674	294.896
372.4000	-0.000638882	296.727
372.2000	-0.000636551	298.576
372.0000	-0.000637555	300.46
371.8000	-0.000649713	302.372
371.6000	-0.000661456	304.307
371.4000	-0.000671545	306.266
371.2000	-0.000672748	308.246
371.0000	-0.000673535	310.251
370.8000	-0.000671008	312.302
370.6000	-0.000672693	314.403
370.4000	-0.000678372	316.548
370.2000	-0.000682556	318.736
370.0000	-0.000682751	320.951
369.8000	-0.000686792	323.215
369.6000	-0.000698328	325.536
369.4000	-0.000705978	327.905
369.2000	-0.000721793	330.306
369.0000	-0.000734332	332.737
368.8000	-0.000748605	335.21
368.6000	-0.000756952	337.744
368.4000	-0.000766086	340.319
368.2000	-0.000777576	342.934
368.0000	-0.000789703	345.57
367.8000	-0.000806247	348.242
367.6000	-0.000825549	350.963
367.4000	-0.000846222	353.737
367.2000	-0.000865619	356.54
367.0000	-0.000884546	359.335
366.8000	-0.000912531	362.149
366.6000	-0.00094393	365.007
366.4000	-0.000973245	367.911
366.2000	-0.0010041	370.837
366.0000	-0.00103533	373.798
365.8000	-0.00106957	376.751
365.6000	-0.00111232	379.734
365.4000	-0.00114798	382.746
365.2000	-0.00118212	385.789
365.0000	-0.00121629	388.851
364.8000	-0.00125038	391.909
364.6000	-0.00129056	394.973
364.4000	-0.00133344	398.047
364.2000	-0.00138574	401.134
364.0000	-0.0014301	404.246
363.8000	-0.00149893	407.354
363.6000	-0.00155766	410.479
363.4000	-0.00162406	413.617
363.2000	-0.00169565	416.778
363.0000	-0.00177055	419.961
362.8000	-0.00185023	423.17
362.6000	-0.00192744	426.376
362.4000	-0.00201776	429.564
362.2000	-0.00209284	432.758
362.0000	-0.00218547	435.96
361.8000	-0.00229141	439.152
361.6000	-0.00240361	442.352
361.4000	-0.00252502	445.566
361.2000	-0.0026502	448.769
361.0000	-0.00279277	451.996
360.8000	-0.0029453	455.252
360.6000	-0.00310106	458.52
360.4000	-0.00325912	461.803
360.2000	-0.00342125	465.101
360.0000	-0.00360146	468.415
359.8000	-0.003766	471.732
359.6000	-0.00392593	475.065
359.4000	-0.00411879	478.424
359.2000	-0.00429803	481.792
359.0000	-0.00450836	485.186
358.8000	-0.00474215	488.59
358.6000	-0.00499007	492.003
358.4000	-0.00522553	495.407
358.2000	-0.00547804	498.807
358.0000	-0.00575659	502.227
357.8000	-0.00606287	505.646
357.6000	-0.00638539	509.032
357.4000	-0.0066848	512.398
357.2000	-0.0070069	515.761
357.0000	-0.00735034	519.122
356.8000	-0.0077241	522.508
356.6000	-0.00810208	525.916
356.4000	-0.0085264	529.299
356.2000	-0.00896479	532.684
356.0000	-0.00939294	536.075
355.8000	-0.00987161	539.498
355.6000	-0.0103733	542.939
355.4000	-0.0108554	546.359
355.2000	-0.0113551	549.76
355.0000	-0.0118747	553.126
354.8000	-0.0124275	556.482
354.6000	-0.012991	559.823
354.4000	-0.0135644	563.126
354.2000	-0.0141582	566.435
354.0000	-0.0147585	569.712
353.8000	-0.0153805	572.959
353.6000	-0.0160514	576.211
353.4000	-0.0167215	579.436
353.2000	-0.0174497	582.649
353.0000	-0.0181757	585.818
352.8000	-0.0189086	588.973
352.6000	-0.0196595	592.101
352.4000	-0.0204238	595.167
352.2000	-0.0212349	598.23
352.0000	-0.0220484	601.245
351.8000	-0.0229065	604.209
351.6000	-0.0237458	607.14
351.4000	-0.0245604	610.036
351.2000	-0.0254264	612.888
351.0000	-0.0262778	615.668
350.8000	-0.0271721	618.399
350.6000	-0.0280626	621.057
350.4000	-0.0289203	623.689
350.2000	-0.0297824	626.281
350.0000	-0.0306274	628.838
