750.0000	0.00773834	431.672
749.8000	0.00775218	431.646
749.6000	0.00775502	431.617
749.4000	0.00774684	431.587
749.2000	0.00775738	431.56
749.0000	0.00777634	431.539
748.8000	0.00778445	431.511
748.6000	0.00779301	431.471
748.4000	0.00780109	431.411
748.2000	0.00781764	431.264
748.0000	0.00783872	431.013
747.8000	0.00786144	430.749
747.6000	0.00786957	430.475
747.4000	0.00787999	430.181
747.2000	0.00789307	429.869
747.0000	0.00789521	429.545
746.8000	0.00790492	429.223
746.6000	0.00792152	428.913
746.4000	0.00793289	428.731
746.2000	0.00794797	428.553
746.0000	0.00796557	428.373
745.8000	0.00797573	428.193
745.6000	0.00797927	427.998
745.4000	0.00800172	427.806
745.2000	0.00802999	427.614
745.0000	0.00804188	427.431
744.8000	0.0080608	427.266
744.6000	0.0080778	427.105
744.4000	0.00808569	426.946
744.2000	0.00809672	426.775
744.0000	0.00811843	426.613
743.8000	0.00814049	426.459
743.6000	0.00814052	426.312
743.4000	0.0081512	426.169
743.2000	0.00816242	425.948
743.0000	0.008168	425.62
742.8000	0.00818651	425.294
742.6000	0.0082057	424.985
742.4000	0.00823004	424.695
742.2000	0.00824791	424.43
742.0000	0.00827112	424.178
741.8000	0.00830168	423.93
741.6000	0.00832338	423.711
741.4000	0.00834393	423.667
741.2000	0.00835481	423.64
741.0000	0.00835146	423.62
740.8000	0.00836269	423.608
740.6000	0.00836865	423.593
740.4000	0.00838512	423.575
740.2000	0.00839555	423.558
740.0000	0.00841665	423.538
739.8000	0.00843278	423.515
739.6000	0.00845626	423.478
739.4000	0.00849373	423.427
739.2000	0.00852746	423.346
739.0000	0.00855292	423.251
738.8000	0.00856939	423.131
738.6000	0.00858449	422.992
738.4000	0.00858625	422.751
738.2000	0.00860881	422.376
738.0000	0.00864221	421.972
737.8000	0.00867332	421.542
737.6000	0.00868629	421.112
737.4000	0.00870698	420.669
737.2000	0.00873934	420.197
737.0000	0.00875983	419.687
736.8000	0.00879254	419.156
736.6000	0.00881924	418.76
736.4000	0.00882734	418.359
736.2000	0.00883969	417.948
736.0000	0.00887104	417.539
735.8000	0.00889198	417.127
735.6000	0.00891113	416.744
735.4000	0.00894128	416.41
735.2000	0.0089622	416.145
735.0000	0.00897419	415.94
734.8000	0.00899575	415.791
734.6000	0.00901249	415.704
734.4000	0.00902444	415.664
734.2000	0.00905264	415.676
734.0000	0.00907955	415.739
733.8000	0.00911269	415.845
733.6000	0.00913461	415.816
733.4000	0.0091615	415.813
733.2000	0.00919659	415.833
733.0000	0.00922238	415.862
732.8000	0.00926202	415.894
732.6000	0.00928586	415.928
732.4000	0.00930515	415.978
732.2000	0.00932978	416.029
732.0000	0.00935585	416.178
731.8000	0.00938689	416.389
731.6000	0.00942156	416.593
731.4000	0.00945063	416.794
731.2000	0.00947584	416.997
731.0000	0.00950234	417.204
730.8000	0.0095343	417.394
730.6000	0.00955504	417.573
730.4000	0.00957292	417.744
730.2000	0.00959184	417.911
730.0000	0.00960879	418.062
729.8000	0.00963606	418.197
729.6000	0.0096672	418.338
729.4000	0.00968877	418.482
729.2000	0.00970642	418.562
729.0000	0.00972668	418.537
728.8000	0.00975375	418.512
728.6000	0.00979661	418.493
728.4000	0.00983261	418.467
728.2000	0.00985873	418.459
728.0000	0.00987983	418.456
727.8000	0.00991674	418.439
727.6000	0.00994023	418.428
727.4000	0.00996331	418.561
727.2000	0.0100048	418.692
727.0000	0.0100419	418.812
726.8000	0.0100715	418.93
726.6000	0.0101038	419.048
726.4000	0.01014	419.153
726.2000	0.0101789	419.25
726.0000	0.0102264	419.336
725.8000	0.0102878	419.407
725.6000	0.0103199	419.477
725.4000	0.0103498	419.541
725.2000	0.010394	419.593
725.0000	0.0104329	419.631
724.8000	0.0104915	419.587
724.6000	0.0105257	419.444
724.4000	0.0105656	419.292
724.2000	0.0105996	419.131
724.0000	0.0106502	418.959
723.8000	0.0107047	418.778
723.6000	0.0107582	418.586
723.4000	0.0108147	418.389
723.2000	0.0108535	418.204
723.0000	0.0108929	418.153
722.8000	0.0109433	418.096
722.6000	0.0109808	418.032
722.4000	0.0110123	417.959
722.2000	0.0110557	417.868
722.0000	0.0110937	417.765
721.8000	0.0111244	417.65
721.6000	0.0111638	417.53
721.4000	0.0112153	417.411
721.2000	0.0112699	417.277
721.0000	0.0113269	417.126
720.8000	0.0113863	416.964
720.6000	0.011443	416.806
720.4000	0.0114905	416.491
720.2000	0.0115506	416.159
720.0000	0.0116119	415.812
719.8000	0.0116789	415.461
719.6000	0.011736	415.106
719.4000	0.0117819	414.77
719.2000	0.0118401	414.447
719.0000	0.0118958	414.117
718.8000	0.0119624	413.886
718.6000	0.0120312	413.734
718.4000	0.0120953	413.599
718.2000	0.0121605	413.468
718.0000	0.0122216	413.337
717.8000	0.0123076	413.217
717.6000	0.0123887	413.098
717.4000	0.0124586	412.985
717.2000	0.0125291	412.885
717.0000	0.0126008	412.784
716.8000	0.0126834	412.682
716.6000	0.0127639	412.581
716.4000	0.0128517	412.418
716.2000	0.0129233	412.168
716.0000	0.0130089	411.923
715.8000	0.0130995	411.687
715.6000	0.0131882	411.461
715.4000	0.0132758	411.251
715.2000	0.0133501	411.054
715.0000	0.0134173	410.878
714.8000	0.0134854	410.74
714.6000	0.0135677	410.755
714.4000	0.0136363	410.79
714.2000	0.0137175	410.843
714.0000	0.0137988	410.922
713.8000	0.0138755	411.019
713.6000	0.0139578	411.142
713.4000	0.0140473	411.28
713.2000	0.0141554	411.434
713.0000	0.0142543	411.6
712.8000	0.0143427	411.777
712.6000	0.0144219	411.966
712.4000	0.0145139	412.171
712.2000	0.0146249	412.258
712.0000	0.0147406	412.344
711.8000	0.0148367	412.426
711.6000	0.014922	412.507
711.4000	0.0150097	412.594
711.2000	0.0151098	412.687
711.0000	0.0152084	412.793
710.8000	0.0153075	412.895
710.6000	0.0154037	413.087
710.4000	0.0155006	413.34
710.2000	0.015595	413.603
710.0000	0.0156988	413.875
709.8000	0.0158005	414.152
709.6000	0.0159164	414.422
709.4000	0.0160439	414.68
709.2000	0.016175	414.935
709.0000	0.0162899	415.174
708.8000	0.0163986	415.394
708.6000	0.016504	415.604
708.4000	0.0166092	415.81
708.2000	0.0167353	415.862
708.0000	0.016848	415.898
707.8000	0.016946	415.92
707.6000	0.0170288	415.935
707.4000	0.0171353	415.945
707.2000	0.0172422	415.959
707.0000	0.0173534	415.973
706.8000	0.0174837	415.978
706.6000	0.0176068	416.075
706.4000	0.0177203	416.239
706.2000	0.0178506	416.416
706.0000	0.0179902	416.599
705.8000	0.0181292	416.79
705.6000	0.0182753	416.975
705.4000	0.0184313	417.159
705.2000	0.018589	417.335
705.0000	0.0187408	417.511
704.8000	0.0188876	417.689
704.6000	0.0190265	417.852
704.4000	0.019184	417.865
704.2000	0.0193418	417.86
704.0000	0.0194841	417.851
703.8000	0.0196199	417.836
703.6000	0.0197514	417.823
703.4000	0.0198786	417.815
703.2000	0.0200214	417.801
703.0000	0.0201913	417.793
702.8000	0.0203592	417.888
702.6000	0.0205205	418.056
702.4000	0.0206956	418.233
702.2000	0.0208813	418.407
702.0000	0.0210701	418.579
701.8000	0.0212574	418.746
701.6000	0.0214415	418.917
701.4000	0.0216287	419.091
701.2000	0.0218102	419.265
701.0000	0.0220017	419.446
700.8000	0.0221915	419.637
700.6000	0.022387	419.684
700.4000	0.0225867	419.734
700.2000	0.0228088	419.799
700.0000	0.0230455	419.868
699.8000	0.0232691	419.925
699.6000	0.0234877	419.995
699.4000	0.0237224	420.093
699.2000	0.0239596	420.196
699.0000	0.0242192	420.407
698.8000	0.024484	420.719
698.6000	0.0247696	421.066
698.4000	0.0250813	421.441
698.2000	0.0254123	421.829
698.0000	0.0257357	422.212
697.8000	0.0260458	422.58
697.6000	0.0263666	422.929
697.4000	0.0266787	423.286
697.2000	0.0269938	423.631
697.0000	0.0272951	423.885
696.8000	0.0275568	424.014
696.6000	0.0278027	424.144
696.4000	0.0280727	424.317
696.2000	0.0283844	424.51
696.0000	0.0287051	424.722
695.8000	0.0290344	424.94
695.6000	0.0293687	425.166
695.4000	0.0296979	425.414
695.2000	0.0300472	425.821
695.0000	0.0304177	426.261
694.8000	0.0307837	426.693
694.6000	0.0311296	427.121
694.4000	0.0314841	427.588
694.2000	0.0318686	428.096
694.0000	0.0322564	428.612
693.8000	0.0326461	429.126
693.6000	0.0330487	429.658
693.4000	0.0334412	430.127
693.2000	0.0338419	430.506
693.0000	0.0342449	430.887
692.8000	0.034626	431.255
692.6000	0.0349893	431.621
692.4000	0.0353393	431.991
692.2000	0.0357082	432.405
692.0000	0.036078	432.846
691.8000	0.0364514	433.326
691.6000	0.0368309	433.978
691.4000	0.0372247	434.68
691.2000	0.0376451	435.414
691.0000	0.0380535	436.126
690.8000	0.03845	436.869
690.6000	0.0388688	437.702
690.4000	0.0392907	438.587
690.2000	0.0397164	439.488
690.0000	0.0401393	440.378
689.8000	0.0405695	441.115
689.6000	0.0409879	441.873
689.4000	0.0413972	442.691
689.2000	0.0418236	443.56
689.0000	0.0422331	444.375
688.8000	0.0426215	445.122
688.6000	0.0429918	445.891
688.4000	0.0433692	446.701
688.2000	0.0437056	447.615
688.0000	0.044024	448.578
687.8000	0.0443448	449.531
687.6000	0.044655	450.482
687.4000	0.0449419	451.434
687.2000	0.0452183	452.422
687.0000	0.045482	453.384
686.8000	0.0457323	454.328
686.6000	0.0459752	455.285
686.4000	0.0462081	456.118
686.2000	0.0464257	456.949
686.0000	0.0466225	457.719
685.8000	0.0467947	458.414
685.6000	0.0469464	459.075
685.4000	0.0470747	459.726
685.2000	0.0471789	460.364
685.0000	0.0472506	460.996
684.8000	0.0473182	461.67
684.6000	0.0473683	462.364
684.4000	0.047373	463.073
684.2000	0.0473627	463.813
684.0000	0.0473325	464.579
683.8000	0.0472896	465.335
683.6000	0.0472336	466.112
683.4000	0.0471472	466.912
683.2000	0.0470386	467.753
683.0000	0.0468929	468.491
682.8000	0.0467395	469.205
682.6000	0.0465608	469.901
682.4000	0.046346	470.549
682.2000	0.0461015	471.168
682.0000	0.0458549	471.727
681.8000	0.0455897	472.176
681.6000	0.0453278	472.525
681.4000	0.045047	472.888
681.2000	0.0447614	473.248
681.0000	0.0444642	473.549
680.8000	0.0441802	473.81
680.6000	0.0438705	474.029
680.4000	0.0435484	474.206
680.2000	0.0431996	474.339
680.0000	0.0428145	474.457
679.8000	0.0424416	474.474
679.6000	0.0420878	474.354
679.4000	0.041719	474.197
679.2000	0.0412988	474.012
679.0000	0.0408825	473.802
678.8000	0.0404596	473.558
678.6000	0.0400505	473.306
678.4000	0.0396573	473.021
678.2000	0.039244	472.735
678.0000	0.0388001	472.584
677.8000	0.0383885	472.429
677.6000	0.0379878	472.262
677.4000	0.0375965	472.066
677.2000	0.0371791	471.858
677.0000	0.0367507	471.639
676.8000	0.03631	471.419
676.6000	0.0358959	471.127
676.4000	0.0354831	470.716
676.2000	0.0350388	470.277
676.0000	0.0345858	469.827
675.8000	0.0341544	469.376
675.6000	0.0337447	468.926
675.4000	0.0333547	468.467
675.2000	0.0329627	467.987
675.0000	0.0325746	467.507
674.8000	0.0321699	467.17
674.6000	0.0317853	466.855
674.4000	0.0314366	466.542
674.2000	0.0311078	466.221
674.0000	0.0307726	465.889
673.8000	0.0304509	465.551
673.6000	0.0301555	465.217
673.4000	0.0298562	464.733
673.2000	0.0295619	464.227
673.0000	0.0292843	463.709
672.8000	0.0290041	463.201
672.6000	0.0287316	462.675
672.4000	0.0284749	462.138
672.2000	0.0282279	461.604
672.0000	0.0279499	461.074
671.8000	0.0276908	460.633
671.6000	0.0274364	460.229
671.4000	0.0271821	459.789
671.2000	0.0269088	459.31
671.0000	0.0266294	458.84
670.8000	0.026339	458.383
670.6000	0.0260679	457.898
670.4000	0.0258182	457.309
670.2000	0.0255708	456.609
670.0000	0.0253173	455.933
669.8000	0.0250739	455.253
669.6000	0.0248288	454.549
669.4000	0.0246034	453.836
669.2000	0.0244086	453.102
669.0000	0.0241835	452.367
668.8000	0.02396	451.664
668.6000	0.0237136	451.076
668.4000	0.0234574	450.477
668.2000	0.0232187	449.885
668.0000	0.0230069	449.326
667.8000	0.0227825	448.774
667.6000	0.0225491	448.202
667.4000	0.0223127	447.555
667.2000	0.0220697	446.806
667.0000	0.0218326	446.097
666.8000	0.0216081	445.405
666.6000	0.0213909	444.718
666.4000	0.0211536	444.018
666.2000	0.02091	443.299
666.0000	0.0206712	442.595
665.8000	0.0204394	441.918
665.6000	0.0202126	441.364
665.4000	0.0199908	440.807
665.2000	0.0197658	440.252
665.0000	0.0195243	439.684
664.8000	0.0192803	439.092
664.6000	0.0190501	438.496
664.4000	0.0188087	437.821
664.2000	0.0185385	437.061
664.0000	0.0182598	436.336
663.8000	0.0179955	435.626
663.6000	0.0177448	434.918
663.4000	0.0175081	434.219
663.2000	0.0172795	433.551
663.0000	0.017065	432.916
662.8000	0.0168512	432.315
662.6000	0.0166568	431.843
662.4000	0.0164795	431.382
662.2000	0.0163023	430.914
662.0000	0.0161201	430.448
661.8000	0.0159425	429.992
661.6000	0.0157729	429.536
661.4000	0.0156053	428.978
661.2000	0.0154443	428.427
661.0000	0.0152981	427.905
660.8000	0.015148	427.387
660.6000	0.0150073	426.878
660.4000	0.0148852	426.39
660.2000	0.0147593	425.914
660.0000	0.0146322	425.431
659.8000	0.0145084	425.022
659.6000	0.0143927	424.662
659.4000	0.0142829	424.313
659.2000	0.0141848	423.977
659.0000	0.0140937	423.646
658.8000	0.0140012	423.317
658.6000	0.0139336	422.88
658.4000	0.0138744	422.456
658.2000	0.0138174	422.06
658.0000	0.0137635	421.672
657.8000	0.0137056	421.282
657.6000	0.0136495	420.903
657.4000	0.0136023	420.545
657.2000	0.0135647	420.208
657.0000	0.0135102	419.948
656.8000	0.0134412	419.732
656.6000	0.0133807	419.513
656.4000	0.0133199	419.305
656.2000	0.0132453	419.115
656.0000	0.0131819	418.93
655.8000	0.0131122	418.61
655.6000	0.013032	418.265
655.4000	0.0129507	417.92
655.2000	0.012871	417.579
655.0000	0.0127899	417.238
654.8000	0.0126954	416.912
654.6000	0.0126184	416.584
654.4000	0.0125366	416.245
654.2000	0.0124443	415.981
654.0000	0.0123428	415.785
653.8000	0.0122317	415.593
653.6000	0.0121277	415.402
653.4000	0.012029	415.2
653.2000	0.0119423	414.991
653.0000	0.0118409	414.647
652.8000	0.0117301	414.294
652.6000	0.0116266	413.946
652.4000	0.0115346	413.597
652.2000	0.0114393	413.236
652.0000	0.0113336	412.864
651.8000	0.0112306	412.486
651.6000	0.0111148	412.111
651.4000	0.0109866	411.81
651.2000	0.01087	411.563
651.0000	0.0107554	411.316
650.8000	0.0106337	411.077
650.6000	0.0105302	410.85
650.4000	0.0104524	410.564
650.2000	0.0103639	410.21
650.0000	0.0102803	409.866
649.8000	0.0102067	409.533
649.6000	0.010135	409.209
649.4000	0.0100681	408.89
649.2000	0.0100071	408.564
649.0000	0.00994865	408.229
648.8000	0.00988581	407.907
648.6000	0.00983408	407.713
648.4000	0.00979557	407.532
648.2000	0.00975329	407.349
648.0000	0.0097345	407.165
647.8000	0.00971542	406.925
647.6000	0.0097003	406.623
647.4000	0.00968518	406.33
647.2000	0.00967662	406.039
647.0000	0.00968436	405.753
646.8000	0.00969057	405.463
646.6000	0.00970733	405.171
646.4000	0.00972391	404.877
646.2000	0.00974424	404.591
646.0000	0.00976758	404.415
645.8000	0.00979865	404.237
645.6000	0.00982599	404.05
645.4000	0.00984637	403.854
645.2000	0.00986528	403.601
645.0000	0.00988374	403.276
644.8000	0.00991139	402.944
644.6000	0.00994162	402.618
644.4000	0.00996513	402.29
644.2000	0.0099934	401.966
644.0000	0.0100315	401.65
643.8000	0.0100598	401.353
643.6000	0.0100791	401.064
643.4000	0.0100855	400.867
643.2000	0.0101024	400.676
643.0000	0.0101045	400.5
642.8000	0.0101129	400.331
642.6000	0.0101216	400.097
642.4000	0.0101166	399.782
642.2000	0.0101206	399.46
642.0000	0.0101145	399.138
641.8000	0.0101238	398.829
641.6000	0.0101319	398.529
641.4000	0.0101296	398.217
641.2000	0.0101229	397.9
641.0000	0.010113	397.597
640.8000	0.0100944	397.401
640.6000	0.0100694	397.221
640.4000	0.0100566	397.038
640.2000	0.0100344	396.849
640.0000	0.0100043	396.553
639.8000	0.00997261	396.247
639.6000	0.00994036	395.936
639.4000	0.0099028	395.63
639.2000	0.00986155	395.33
639.0000	0.00981596	395.026
638.8000	0.00977173	394.73
638.6000	0.0097287	394.441
638.4000	0.00968561	394.224
638.2000	0.0096379	394.063
638.0000	0.00959779	393.903
637.8000	0.00956666	393.731
637.6000	0.00953761	393.465
637.4000	0.00951287	393.195
637.2000	0.00947899	392.926
637.0000	0.00943913	392.657
636.8000	0.00940678	392.397
636.6000	0.00937712	392.137
636.4000	0.00934517	391.882
636.2000	0.0093154	391.645
636.0000	0.00928213	391.479
635.8000	0.00924883	391.366
635.6000	0.00923068	391.259
635.4000	0.00921836	391.154
635.2000	0.00920201	390.994
635.0000	0.00918023	390.772
634.8000	0.00916332	390.555
634.6000	0.00915806	390.341
634.4000	0.00915929	390.128
634.2000	0.00915543	389.92
634.0000	0.00915055	389.718
633.8000	0.00914271	389.519
633.6000	0.00914144	389.341
633.4000	0.00915051	389.267
633.2000	0.0091618	389.199
633.0000	0.00917154	389.134
632.8000	0.00918011	388.977
632.6000	0.00919578	388.816
632.4000	0.00919674	388.651
632.2000	0.00920813	388.49
632.0000	0.00922213	388.34
631.8000	0.00922999	388.199
631.6000	0.00923743	388.057
631.4000	0.0092386	387.924
631.2000	0.00923321	387.861
631.0000	0.00922952	387.841
630.8000	0.00924463	387.826
630.6000	0.00925467	387.813
630.4000	0.00927829	387.695
630.2000	0.00930359	387.556
630.0000	0.00932662	387.426
629.8000	0.00935398	387.3
629.6000	0.00937623	387.164
629.4000	0.00940235	387.031
629.2000	0.0094209	386.9
629.0000	0.00944488	386.768
628.8000	0.0094531	386.702
628.6000	0.00945825	386.682
628.4000	0.00946625	386.666
628.2000	0.00948735	386.591
628.0000	0.00951086	386.457
627.8000	0.00953444	386.326
627.6000	0.00955043	386.185
627.4000	0.00957211	386.047
627.2000	0.00959622	385.907
627.0000	0.0096203	385.77
626.8000	0.00964104	385.627
626.6000	0.00964278	385.499
626.4000	0.00964125	385.472
626.2000	0.00963843	385.445
626.0000	0.00964547	385.419
625.8000	0.00965073	385.298
625.6000	0.0096614	385.165
625.4000	0.0096795	385.035
625.2000	0.00969803	384.904
625.0000	0.00971131	384.771
624.8000	0.00972321	384.641
624.6000	0.00974691	384.5
624.4000	0.00976969	384.362
624.2000	0.00979576	384.288
624.0000	0.00981866	384.251
623.8000	0.00982605	384.215
623.6000	0.00982398	384.074
623.4000	0.00983842	383.927
623.2000	0.0098584	383.774
623.0000	0.00986854	383.625
622.8000	0.00987148	383.474
622.6000	0.00987376	383.316
622.4000	0.00986313	383.163
622.2000	0.00986134	383.017
622.0000	0.00987069	382.94
621.8000	0.0098742	382.905
621.6000	0.00987538	382.863
621.4000	0.00988503	382.726
621.2000	0.00989138	382.582
621.0000	0.00989207	382.445
620.8000	0.00990067	382.305
620.6000	0.00990892	382.165
620.4000	0.0099058	382.018
620.2000	0.00988655	381.871
620.0000	0.00988199	381.726
619.8000	0.009874	381.647
619.6000	0.00987432	381.616
619.4000	0.0098697	381.582
619.2000	0.00986904	381.459
619.0000	0.00986294	381.331
618.8000	0.00986145	381.197
618.6000	0.00987111	381.063
618.4000	0.00987162	380.934
618.2000	0.00986349	380.806
618.0000	0.00984908	380.671
617.8000	0.00984021	380.536
617.6000	0.00983538	380.458
617.4000	0.00983806	380.416
617.2000	0.00983465	380.325
617.0000	0.00982822	380.184
616.8000	0.00982485	380.039
616.6000	0.00981825	379.886
616.4000	0.0098206	379.734
616.2000	0.00981923	379.581
616.0000	0.00981278	379.431
615.8000	0.00980212	379.282
615.6000	0.00979633	379.145
615.4000	0.0097898	379.094
615.2000	0.00978181	379.042
615.0000	0.00977712	378.897
614.8000	0.00976849	378.755
614.6000	0.00974931	378.615
614.4000	0.00973143	378.47
614.2000	0.0097122	378.322
614.0000	0.00969684	378.178
613.8000	0.00967691	378.038
613.6000	0.0096617	377.896
613.4000	0.00965216	377.82
613.2000	0.00964027	377.783
613.0000	0.00962727	377.642
612.8000	0.00962791	377.497
612.6000	0.00963007	377.355
612.4000	0.00962036	377.223
612.2000	0.00960866	377.084
612.0000	0.00959636	376.941
611.8000	0.0095764	376.795
611.6000	0.00956391	376.648
611.4000	0.00955113	376.567
611.2000	0.00953348	376.527
611.0000	0.00950821	376.445
610.8000	0.00949452	376.301
610.6000	0.00947378	376.16
610.4000	0.00945537	376.023
610.2000	0.00944873	375.888
610.0000	0.00943717	375.754
609.8000	0.0094192	375.623
609.6000	0.00940625	375.498
609.4000	0.00938838	375.384
609.2000	0.00936306	375.351
609.0000	0.00934171	375.282
608.8000	0.00933018	375.166
608.6000	0.00931	375.045
608.4000	0.00929153	374.926
608.2000	0.00927745	374.805
608.0000	0.00926229	374.676
607.8000	0.00924645	374.546
607.6000	0.00924025	374.424
607.4000	0.00923456	374.307
607.2000	0.0092287	374.266
607.0000	0.00922333	374.191
606.8000	0.00922329	374.062
606.6000	0.00922294	373.934
606.4000	0.00922204	373.806
606.2000	0.00921602	373.677
606.0000	0.00921527	373.542
605.8000	0.00920962	373.417
605.6000	0.00920544	373.293
605.4000	0.00919957	373.182
605.2000	0.00919535	373.163
605.0000	0.00918729	373.057
604.8000	0.00917403	372.949
604.6000	0.00917307	372.836
604.4000	0.00917704	372.722
604.2000	0.00917824	372.609
604.0000	0.00917001	372.49
603.8000	0.00916339	372.372
603.6000	0.00916398	372.247
603.4000	0.00916814	372.176
603.2000	0.00917195	372.148
603.0000	0.00917351	372.044
602.8000	0.00917239	371.945
602.6000	0.00917502	371.847
602.4000	0.00918496	371.751
602.2000	0.00919673	371.648
602.0000	0.00919696	371.549
601.8000	0.00919756	371.456
601.6000	0.00920799	371.354
601.4000	0.00921685	371.297
601.2000	0.00922885	371.187
601.0000	0.00924034	371.063
600.8000	0.00925009	370.938
600.6000	0.00925791	370.814
600.4000	0.00926614	370.691
600.2000	0.0092771	370.57
600.0000	0.00927841	370.446
599.8000	0.00928496	370.321
599.6000	0.00928842	370.256
599.4000	0.00929537	370.183
599.2000	0.00929571	370.061
599.0000	0.00929689	369.939
598.8000	0.0093015	369.817
598.6000	0.00930961	369.691
598.4000	0.00931919	369.566
598.2000	0.00933014	369.445
598.0000	0.00933576	369.327
597.8000	0.00933494	369.217
597.6000	0.00933361	369.188
597.4000	0.00934226	369.071
597.2000	0.0093471	368.947
597.0000	0.00934758	368.825
596.8000	0.00934361	368.7
596.6000	0.00933873	368.575
596.4000	0.00932947	368.449
596.2000	0.00932711	368.32
596.0000	0.00933391	368.192
595.8000	0.00933375	368.123
595.6000	0.00933391	368.006
595.4000	0.00934496	367.881
595.2000	0.00935583	367.747
595.0000	0.00936459	367.62
594.8000	0.00937974	367.493
594.6000	0.00938949	367.359
594.4000	0.00939109	367.224
594.2000	0.00939995	367.1
594.0000	0.00940888	367.028
593.8000	0.00940399	366.912
593.6000	0.00939645	366.795
593.4000	0.0093907	366.678
593.2000	0.0093826	366.554
593.0000	0.00937564	366.433
592.8000	0.00937825	366.32
592.6000	0.00937613	366.2
592.4000	0.00937174	366.072
592.2000	0.0093738	365.995
592.0000	0.00937057	365.868
591.8000	0.00936161	365.734
591.6000	0.00936209	365.601
591.4000	0.00936081	365.475
591.2000	0.00935559	365.346
591.0000	0.00934623	365.214
590.8000	0.00933675	365.087
590.6000	0.00933105	364.962
590.4000	0.00933241	364.853
590.2000	0.00934362	364.735
590.0000	0.00933618	364.619
589.8000	0.0093339	364.499
589.6000	0.00933372	364.376
589.4000	0.00933457	364.261
589.2000	0.00933547	364.142
589.0000	0.00933145	364.03
588.8000	0.00932102	363.932
588.6000	0.00931484	363.835
588.4000	0.00932205	363.729
588.2000	0.0093258	363.623
588.0000	0.00932301	363.518
587.8000	0.00931801	363.409
587.6000	0.00931997	363.297
587.4000	0.00932143	363.184
587.2000	0.00932856	363.067
587.0000	0.00933504	362.958
586.8000	0.0093372	362.829
586.6000	0.00933928	362.701
586.4000	0.00934066	362.579
586.2000	0.00934619	362.459
586.0000	0.00934476	362.344
585.8000	0.00934363	362.228
585.6000	0.00934713	362.12
585.4000	0.00934782	362.02
585.2000	0.00934751	361.922
585.0000	0.00934215	361.824
584.8000	0.00934471	361.725
584.6000	0.00935146	361.62
584.4000	0.00935435	361.516
584.2000	0.0093628	361.417
584.0000	0.00937277	361.317
583.8000	0.00937445	361.215
583.6000	0.00937843	361.126
583.4000	0.00939332	361.016
583.2000	0.00940604	360.903
583.0000	0.00941024	360.796
582.8000	0.00941601	360.691
582.6000	0.00943264	360.579
582.4000	0.00943937	360.466
582.2000	0.00945673	360.352
582.0000	0.00947867	360.214
581.8000	0.00948247	360.109
581.6000	0.00948896	360.011
581.4000	0.00950946	359.909
581.2000	0.0095254	359.805
581.0000	0.0095371	359.7
580.8000	0.00955392	359.592
580.6000	0.00956801	359.483
580.4000	0.00957479	359.378
580.2000	0.00959329	359.269
580.0000	0.00961229	359.154
579.8000	0.00962505	359.035
579.6000	0.00964298	358.918
579.4000	0.00966276	358.797
579.2000	0.00968553	358.683
579.0000	0.0096992	358.58
578.8000	0.00971733	358.477
578.6000	0.00974496	358.337
578.4000	0.00976392	358.222
578.2000	0.00978253	358.113
578.0000	0.00979637	357.997
577.8000	0.00981652	357.888
577.6000	0.00982641	357.778
577.4000	0.00983853	357.654
577.2000	0.00986154	357.495
577.0000	0.00987143	357.342
576.8000	0.00988063	357.236
576.6000	0.00990356	357.124
576.4000	0.00993746	357.013
576.2000	0.00996327	356.91
576.0000	0.00998161	356.797
575.8000	0.0100058	356.688
575.6000	0.0100282	356.561
575.4000	0.0100517	356.462
575.2000	0.0100812	356.359
575.0000	0.0101001	356.257
574.8000	0.0101118	356.157
574.6000	0.0101215	356.051
574.4000	0.010142	355.948
574.2000	0.0101677	355.85
574.0000	0.0101918	355.717
573.8000	0.0102079	355.591
573.6000	0.010224	355.472
573.4000	0.010246	355.352
573.2000	0.0102728	355.231
573.0000	0.0102978	355.105
572.8000	0.0103196	354.981
572.6000	0.0103416	354.854
572.4000	0.0103633	354.664
572.2000	0.0103838	354.545
572.0000	0.0103951	354.433
571.8000	0.010409	354.324
571.6000	0.0104222	354.214
571.4000	0.0104376	354.104
571.2000	0.0104593	353.995
571.0000	0.0104786	353.852
570.8000	0.0105013	353.707
570.6000	0.0105198	353.602
570.4000	0.010544	353.493
570.2000	0.0105814	353.38
570.0000	0.010612	353.268
569.8000	0.0106358	353.159
569.6000	0.0106563	353.054
569.4000	0.0106746	352.887
569.2000	0.010685	352.789
569.0000	0.0107019	352.7
568.8000	0.010727	352.6
568.6000	0.010755	352.507
568.4000	0.0107664	352.412
568.2000	0.0107827	352.324
568.0000	0.0108035	352.205
567.8000	0.0108243	352.085
567.6000	0.0108469	351.996
567.4000	0.0108709	351.903
567.2000	0.0108958	351.819
567.0000	0.0109084	351.742
566.8000	0.0109272	351.662
566.6000	0.0109441	351.544
566.4000	0.0109612	351.384
566.2000	0.0109801	351.297
566.0000	0.0110051	351.215
565.8000	0.0110343	351.135
565.6000	0.0110527	351.052
565.4000	0.0110763	350.966
565.2000	0.0110928	350.879
565.0000	0.0111187	350.738
564.8000	0.0111424	350.66
564.6000	0.0111698	350.582
564.4000	0.0111871	350.499
564.2000	0.0112073	350.42
564.0000	0.011233	350.339
563.8000	0.0112511	350.262
563.6000	0.0112747	350.118
563.4000	0.0112943	350.016
563.2000	0.0113113	349.943
563.0000	0.0113277	349.872
562.8000	0.0113478	349.803
562.6000	0.011367	349.731
562.4000	0.0113861	349.657
562.2000	0.0114059	349.509
562.0000	0.0114306	349.397
561.8000	0.011459	349.32
561.6000	0.0114892	349.243
561.4000	0.0115225	349.173
561.2000	0.0115521	349.103
561.0000	0.0115823	349.034
560.8000	0.0116173	348.899
560.6000	0.0116479	348.81
560.4000	0.0116797	348.753
560.2000	0.0117218	348.693
560.0000	0.0117657	348.633
559.8000	0.0118008	348.572
559.6000	0.0118446	348.507
559.4000	0.0118862	348.375
559.2000	0.0119242	348.283
559.0000	0.0119621	348.224
558.8000	0.0120014	348.168
558.6000	0.0120318	348.114
558.4000	0.0120638	348.06
558.2000	0.0121061	348.003
558.0000	0.0121359	347.878
557.8000	0.0121651	347.797
557.6000	0.0121989	347.747
557.4000	0.0122304	347.7
557.2000	0.0122612	347.65
557.0000	0.0122951	347.6
556.8000	0.012329	347.525
556.6000	0.0123598	347.415
556.4000	0.0123944	347.348
556.2000	0.0124365	347.314
556.0000	0.0124721	347.283
555.8000	0.0125074	347.246
555.6000	0.0125514	347.211
555.4000	0.0125982	347.108
555.2000	0.0126392	347.009
555.0000	0.0126813	346.968
554.8000	0.0127184	346.93
554.6000	0.0127583	346.894
554.4000	0.0127943	346.854
554.2000	0.0128337	346.822
554.0000	0.0128698	346.727
553.8000	0.0129043	346.67
553.6000	0.0129316	346.645
553.4000	0.0129726	346.615
553.2000	0.0130093	346.594
553.0000	0.0130452	346.576
552.8000	0.0130841	346.534
552.6000	0.0131275	346.452
552.4000	0.013165	346.416
552.2000	0.0132048	346.414
552.0000	0.0132405	346.408
551.8000	0.0132774	346.411
551.6000	0.0133115	346.411
551.4000	0.013353	346.335
551.2000	0.013391	346.264
551.0000	0.013424	346.24
550.8000	0.0134672	346.22
550.6000	0.0135075	346.194
550.4000	0.0135516	346.169
550.2000	0.013589	346.114
550.0000	0.0136285	346.019
549.8000	0.0136678	345.973
549.6000	0.0136986	345.956
549.4000	0.0137353	345.943
549.2000	0.013767	345.93
549.0000	0.0137963	345.884
548.8000	0.0138241	345.802
548.6000	0.0138563	345.727
548.4000	0.0138836	345.701
548.2000	0.0139058	345.675
548.0000	0.0139319	345.65
547.8000	0.0139634	345.624
547.6000	0.0139957	345.531
547.4000	0.0140303	345.437
547.2000	0.0140699	345.403
547.0000	0.0140995	345.367
546.8000	0.0141309	345.339
546.6000	0.0141624	345.319
546.4000	0.0141974	345.233
546.2000	0.0142234	345.143
546.0000	0.0142493	345.1
545.8000	0.0142714	345.088
545.6000	0.0142925	345.077
545.4000	0.0143128	345.067
545.2000	0.0143328	345.022
545.0000	0.0143566	344.935
544.8000	0.0143892	344.888
544.6000	0.0144265	344.868
544.4000	0.0144583	344.845
544.2000	0.0144871	344.822
544.0000	0.0145221	344.778
543.8000	0.0145516	344.7
543.6000	0.014588	344.633
543.4000	0.0146185	344.63
543.2000	0.0146447	344.631
543.0000	0.0146739	344.635
542.8000	0.0147033	344.615
542.6000	0.0147377	344.565
542.4000	0.0147693	344.523
542.2000	0.0147965	344.54
542.0000	0.0148291	344.561
541.8000	0.0148711	344.584
541.6000	0.0149122	344.575
541.4000	0.0149486	344.53
541.2000	0.0149745	344.488
541.0000	0.0150077	344.498
540.8000	0.0150322	344.51
540.6000	0.0150664	344.516
540.4000	0.0150969	344.494
540.2000	0.0151238	344.436
540.0000	0.0151586	344.386
539.8000	0.0151926	344.392
539.6000	0.0152342	344.401
539.4000	0.0152702	344.408
539.2000	0.0153089	344.35
539.0000	0.0153482	344.286
538.8000	0.0153883	344.227
538.6000	0.015433	344.218
538.4000	0.015476	344.206
538.2000	0.0155163	344.193
538.0000	0.0155513	344.117
537.8000	0.0155907	344.033
537.6000	0.0156387	343.997
537.4000	0.0156829	343.984
537.2000	0.0157269	343.975
537.0000	0.0157729	343.967
536.8000	0.0158137	343.902
536.6000	0.0158499	343.84
536.4000	0.015893	343.821
536.2000	0.0159475	343.836
536.0000	0.0160021	343.85
535.8000	0.0160581	343.829
535.6000	0.0161107	343.768
535.4000	0.0161613	343.704
535.2000	0.0162082	343.682
535.0000	0.0162606	343.687
534.8000	0.0163135	343.693
534.6000	0.016362	343.643
534.4000	0.0164134	343.587
534.2000	0.0164687	343.547
534.0000	0.0165221	343.574
533.8000	0.0165793	343.605
533.6000	0.0166395	343.633
533.4000	0.0166996	343.614
533.2000	0.0167564	343.59
533.0000	0.0168181	343.603
532.8000	0.0168845	343.645
532.6000	0.0169449	343.685
532.4000	0.0170141	343.692
532.2000	0.0170885	343.665
532.0000	0.0171597	343.644
531.8000	0.0172385	343.657
531.6000	0.0173166	343.692
531.4000	0.0173981	343.727
531.2000	0.0174689	343.702
531.0000	0.0175434	343.671
530.8000	0.0176184	343.646
530.6000	0.0176875	343.685
530.4000	0.0177608	343.727
530.2000	0.0178346	343.741
530.0000	0.0179109	343.717
529.8000	0.0179871	343.697
529.6000	0.018066	343.724
529.4000	0.0181543	343.775
529.2000	0.0182347	343.807
529.0000	0.0183259	343.805
528.8000	0.0184174	343.807
528.6000	0.0185057	343.826
528.4000	0.0185999	343.903
528.2000	0.0186961	343.982
528.0000	0.0188018	344.006
527.8000	0.0189063	344.033
527.6000	0.0190058	344.069
527.4000	0.0191054	344.16
527.2000	0.0192022	344.253
527.0000	0.019309	344.317
526.8000	0.019421	344.343
526.6000	0.0195342	344.375
526.4000	0.0196425	344.443
526.2000	0.0197499	344.536
526.0000	0.0198576	344.611
525.8000	0.0199724	344.655
525.6000	0.0200833	344.702
525.4000	0.0201896	344.76
525.2000	0.0203037	344.879
525.0000	0.020414	345.002
524.8000	0.0205276	345.075
524.6000	0.0206491	345.145
524.4000	0.0207714	345.229
524.2000	0.0208987	345.357
524.0000	0.021029	345.493
523.8000	0.0211662	345.571
523.6000	0.0212959	345.647
523.4000	0.0214274	345.722
523.2000	0.0215619	345.832
523.0000	0.0216853	345.972
522.8000	0.0218102	346.067
522.6000	0.0219447	346.16
522.4000	0.0220812	346.257
522.2000	0.0222139	346.388
522.0000	0.0223473	346.548
521.8000	0.0224833	346.652
521.6000	0.0226215	346.752
521.4000	0.0227631	346.853
521.2000	0.0229033	346.986
521.0000	0.0230373	347.144
520.8000	0.023167	347.25
520.6000	0.0233027	347.361
520.4000	0.0234362	347.472
520.2000	0.0235651	347.621
520.0000	0.023693	347.803
519.8000	0.0238239	347.943
519.6000	0.0239568	348.071
519.4000	0.0240956	348.201
519.2000	0.0242346	348.37
519.0000	0.0243655	348.569
518.8000	0.0245032	348.709
518.6000	0.0246516	348.847
518.4000	0.0248008	348.989
518.2000	0.0249521	349.159
518.0000	0.0250806	349.352
517.8000	0.025217	349.496
517.6000	0.0253523	349.629
517.4000	0.0254909	349.766
517.2000	0.0256289	349.939
517.0000	0.0257621	350.142
516.8000	0.0258893	350.302
516.6000	0.0260189	350.449
516.4000	0.0261577	350.602
516.2000	0.0262922	350.797
516.0000	0.0264234	351.014
515.8000	0.0265603	351.178
515.6000	0.0266982	351.332
515.4000	0.0268359	351.49
515.2000	0.0269764	351.683
515.0000	0.0271108	351.878
514.8000	0.0272491	352.048
514.6000	0.027388	352.22
514.4000	0.0275306	352.398
514.2000	0.0276717	352.622
514.0000	0.0278108	352.851
513.8000	0.0279529	353.053
513.6000	0.0280916	353.255
513.4000	0.0282362	353.47
513.2000	0.0283749	353.741
513.0000	0.0285059	353.966
512.8000	0.028636	354.189
512.6000	0.0287637	354.41
512.4000	0.0288859	354.647
512.2000	0.0290027	354.916
512.0000	0.0291349	355.156
511.8000	0.029258	355.393
511.6000	0.0293734	355.629
511.4000	0.0294936	355.902
511.2000	0.0296177	356.17
511.0000	0.0297357	356.394
510.8000	0.0298551	356.621
510.6000	0.029969	356.845
510.4000	0.0300756	357.116
510.2000	0.0301767	357.339
510.0000	0.0302799	357.55
509.8000	0.0303842	357.754
509.6000	0.030484	357.967
509.4000	0.0305809	358.217
509.2000	0.0306725	358.44
509.0000	0.0307654	358.668
508.8000	0.03086	358.892
508.6000	0.0309443	359.147
508.4000	0.0310347	359.374
508.2000	0.0311268	359.599
508.0000	0.0312175	359.817
507.8000	0.0313061	360.039
507.6000	0.0313878	360.279
507.4000	0.0314622	360.481
507.2000	0.0315364	360.682
507.0000	0.0316017	360.89
506.8000	0.0316661	361.13
506.6000	0.0317285	361.34
506.4000	0.0317879	361.546
506.2000	0.0318443	361.75
506.0000	0.0318941	361.958
505.8000	0.0319547	362.182
505.6000	0.0320085	362.365
505.4000	0.0320615	362.555
505.2000	0.0321101	362.74
505.0000	0.0321539	362.957
504.8000	0.0321859	363.156
504.6000	0.0322175	363.348
504.4000	0.0322487	363.549
504.2000	0.0322717	363.761
504.0000	0.0322835	363.985
503.8000	0.0322988	364.218
503.6000	0.0323096	364.458
503.4000	0.0323186	364.714
503.2000	0.0323268	364.976
503.0000	0.0323366	365.234
502.8000	0.0323435	365.501
502.6000	0.0323619	365.772
502.4000	0.0323833	366.074
502.2000	0.032394	366.345
502.0000	0.0324048	366.616
501.8000	0.0324106	366.875
501.6000	0.032416	367.138
501.4000	0.0324089	367.398
501.2000	0.032397	367.654
501.0000	0.0323773	367.903
500.8000	0.0323474	368.155
500.6000	0.0323238	368.411
500.4000	0.0322946	368.647
500.2000	0.0322723	368.878
500.0000	0.0322374	369.105
499.8000	0.0322057	369.34
499.6000	0.0321712	369.563
499.4000	0.0321348	369.79
499.2000	0.0320947	370.01
499.0000	0.0320559	370.203
498.8000	0.0320142	370.405
498.6000	0.0319658	370.6
498.4000	0.0319232	370.788
498.2000	0.0318769	370.982
498.0000	0.0318294	371.167
497.8000	0.0317738	371.336
497.6000	0.0317122	371.503
497.4000	0.0316493	371.67
497.2000	0.0315907	371.816
497.0000	0.0315331	371.943
496.8000	0.0314693	372.063
496.6000	0.0314043	372.161
496.4000	0.0313343	372.219
496.2000	0.031269	372.277
496.0000	0.0312121	372.306
495.8000	0.0311467	372.31
495.6000	0.0310759	372.286
495.4000	0.0309997	372.259
495.2000	0.030924	372.214
495.0000	0.0308572	372.146
494.8000	0.0307919	372.037
494.6000	0.030727	371.919
494.4000	0.0306657	371.782
494.2000	0.0306034	371.635
494.0000	0.0305369	371.463
493.8000	0.0304696	371.315
493.6000	0.0304118	371.173
493.4000	0.030355	371.052
493.2000	0.0302901	370.938
493.0000	0.0302191	370.893
492.8000	0.03014	370.912
492.6000	0.0300692	370.994
492.4000	0.030008	371.118
492.2000	0.0299556	371.329
492.0000	0.0299056	371.622
491.8000	0.0298399	371.978
491.6000	0.0297854	372.379
491.4000	0.029738	372.851
491.2000	0.0296927	373.355
491.0000	0.0296522	373.874
490.8000	0.0296142	374.376
490.6000	0.0295765	374.891
490.4000	0.0295301	375.376
490.2000	0.0294864	375.809
490.0000	0.0294462	376.2
489.8000	0.0294103	376.561
489.6000	0.02938	376.87
489.4000	0.0293459	377.116
489.2000	0.0293084	377.332
489.0000	0.0292725	377.542
488.8000	0.0292472	377.719
488.6000	0.0292326	377.85
488.4000	0.0292194	377.979
488.2000	0.029206	378.095
488.0000	0.0291924	378.195
487.8000	0.0291824	378.229
487.6000	0.0291793	378.276
487.4000	0.0291767	378.293
487.2000	0.0291731	378.281
487.0000	0.0291643	378.195
486.8000	0.029157	378.121
486.6000	0.0291525	378.013
486.4000	0.0291512	377.854
486.2000	0.0291582	377.664
486.0000	0.0291687	377.47
485.8000	0.0291731	377.248
485.6000	0.029181	376.958
485.4000	0.0292014	376.675
485.2000	0.0292252	376.398
485.0000	0.0292378	376.113
484.8000	0.0292581	375.773
484.6000	0.0292725	375.479
484.4000	0.0292903	375.186
484.2000	0.0293183	374.883
484.0000	0.0293458	374.595
483.8000	0.0293625	374.346
483.6000	0.0293722	374.124
483.4000	0.0293933	373.885
483.2000	0.0294073	373.704
483.0000	0.0294178	373.572
482.8000	0.0294309	373.479
482.6000	0.0294402	373.383
482.4000	0.0294504	373.378
482.2000	0.0294578	373.428
482.0000	0.0294711	373.502
481.8000	0.0294819	373.636
481.6000	0.0294945	373.85
481.4000	0.0295079	374.124
481.2000	0.0295135	374.405
481.0000	0.0295116	374.765
480.8000	0.0295097	375.177
480.6000	0.0295111	375.581
480.4000	0.0295153	375.974
480.2000	0.029512	376.406
480.0000	0.0295174	376.822
479.8000	0.0295201	377.164
479.6000	0.0295146	377.497
479.4000	0.0295104	377.806
479.2000	0.0295043	378.055
479.0000	0.0294989	378.234
478.8000	0.0294875	378.418
478.6000	0.0294858	378.562
478.4000	0.0294727	378.612
478.2000	0.0294621	378.646
478.0000	0.0294539	378.666
477.8000	0.02945	378.633
477.6000	0.0294436	378.543
477.4000	0.0294386	378.468
477.2000	0.0294359	378.347
477.0000	0.0294463	378.133
476.8000	0.0294572	377.893
476.6000	0.0294608	377.619
476.4000	0.0294724	377.22
476.2000	0.0294941	376.742
476.0000	0.0295197	376.219
475.8000	0.0295425	375.589
475.6000	0.0295561	374.87
475.4000	0.0295578	374.121
475.2000	0.0295601	373.364
475.0000	0.0295665	372.556
474.8000	0.0295715	371.804
474.6000	0.0295819	371.145
474.4000	0.029587	370.559
474.2000	0.0295958	370.077
474.0000	0.0296098	369.772
473.8000	0.0296272	369.59
473.6000	0.0296415	369.505
473.4000	0.029659	369.557
473.2000	0.029684	369.713
473.0000	0.0297065	369.876
472.8000	0.0297238	370.063
472.6000	0.0297426	370.268
472.4000	0.0297716	370.381
472.2000	0.0297984	370.415
472.0000	0.0298244	370.402
471.8000	0.0298546	370.276
471.6000	0.0298797	370.028
471.4000	0.0299086	369.721
471.2000	0.0299376	369.332
471.0000	0.0299564	368.852
470.8000	0.0299634	368.346
470.6000	0.0299723	367.815
470.4000	0.0299883	367.225
470.2000	0.0299999	366.63
470.0000	0.0300039	366.085
469.8000	0.0300061	365.518
469.6000	0.030008	364.982
469.4000	0.0300057	364.528
469.2000	0.0300049	364.095
469.0000	0.0300053	363.737
468.8000	0.0299952	363.501
468.6000	0.0299734	363.36
468.4000	0.0299566	363.299
468.2000	0.0299354	363.38
468.0000	0.0299139	363.567
467.8000	0.0298887	363.835
467.6000	0.0298719	364.221
467.4000	0.0298526	364.682
467.2000	0.0298288	365.178
467.0000	0.0298087	365.709
466.8000	0.029787	366.293
466.6000	0.0297539	366.82
466.4000	0.0297121	367.316
466.2000	0.029669	367.8
466.0000	0.0296272	368.18
465.8000	0.0295865	368.489
465.6000	0.0295401	368.758
465.4000	0.029503	368.905
465.2000	0.0294679	368.977
465.0000	0.0294233	369.009
464.8000	0.0293786	368.96
464.6000	0.0293248	368.861
464.4000	0.0292741	368.759
464.2000	0.0292063	368.619
464.0000	0.0291432	368.471
463.8000	0.0290768	368.361
463.6000	0.028994	368.255
463.4000	0.0289204	368.18
463.2000	0.0288457	368.176
463.0000	0.02878	368.208
462.8000	0.0287098	368.285
462.6000	0.0286425	368.438
462.4000	0.028575	368.624
462.2000	0.0284942	368.845
462.0000	0.0284226	369.132
461.8000	0.0283477	369.414
461.6000	0.0282721	369.705
461.4000	0.0282101	370.014
461.2000	0.0281471	370.289
461.0000	0.0280773	370.549
460.8000	0.0280065	370.798
460.6000	0.0279425	370.99
460.4000	0.0278775	371.139
460.2000	0.0278134	371.261
460.0000	0.0277536	371.347
459.8000	0.027691	371.406
459.6000	0.0276254	371.438
459.4000	0.0275628	371.435
459.2000	0.0275049	371.431
459.0000	0.0274433	371.442
458.8000	0.0273822	371.452
458.6000	0.0273271	371.484
458.4000	0.0272775	371.565
458.2000	0.0272274	371.648
458.0000	0.027175	371.785
457.8000	0.0271311	371.971
457.6000	0.0270942	372.183
457.4000	0.0270665	372.432
457.2000	0.0270456	372.709
457.0000	0.0270237	373.007
456.8000	0.0269973	373.318
456.6000	0.0269845	373.641
456.4000	0.0269754	373.965
456.2000	0.0269771	374.281
456.0000	0.0269772	374.581
455.8000	0.0269822	374.876
455.6000	0.0269921	375.158
455.4000	0.027008	375.412
455.2000	0.0270392	375.644
455.0000	0.0270759	375.823
454.8000	0.0271021	375.98
454.6000	0.0271309	376.091
454.4000	0.0271607	376.158
454.2000	0.0272066	376.179
454.0000	0.0272563	376.152
453.8000	0.0272964	376.108
453.6000	0.0273439	376.045
453.4000	0.0273877	375.987
453.2000	0.0274353	375.935
453.0000	0.0274929	375.898
452.8000	0.0275562	375.855
452.6000	0.0276088	375.833
452.4000	0.0276597	375.824
452.2000	0.0277205	375.822
452.0000	0.0277739	375.829
451.8000	0.0278229	375.827
451.6000	0.0278695	375.839
451.4000	0.0279226	375.889
451.2000	0.0279662	375.99
451.0000	0.0280087	376.197
450.8000	0.0280496	376.5
450.6000	0.0280907	376.905
450.4000	0.0281252	377.442
450.2000	0.0281479	378.088
450.0000	0.028168	378.856
449.8000	0.0281882	379.712
449.6000	0.0282065	380.619
449.4000	0.0282304	381.564
449.2000	0.0282381	382.507
449.0000	0.0282318	383.405
448.8000	0.0282218	384.27
448.6000	0.0282195	385.055
448.4000	0.0282172	385.79
448.2000	0.0282034	386.452
448.0000	0.0281918	387.033
447.8000	0.0281607	387.564
447.6000	0.0281198	388.029
447.4000	0.0280774	388.451
447.2000	0.0280374	388.85
447.0000	0.0279954	389.192
446.8000	0.0279392	389.548
446.6000	0.0278825	389.867
446.4000	0.0278165	390.171
446.2000	0.0277472	390.482
446.0000	0.0276797	390.745
445.8000	0.0276211	391.027
445.6000	0.0275533	391.293
445.4000	0.0274783	391.555
445.2000	0.0274037	391.82
445.0000	0.0273284	392.048
444.8000	0.0272529	392.303
444.6000	0.0271647	392.534
444.4000	0.0270847	392.763
444.2000	0.0270007	393.003
444.0000	0.0269028	393.2
443.8000	0.0268126	393.42
443.6000	0.0267162	393.618
443.4000	0.0266264	393.812
443.2000	0.0265275	394.013
443.0000	0.0264273	394.177
442.8000	0.026341	394.359
442.6000	0.0262408	394.518
442.4000	0.0261466	394.671
442.2000	0.026049	394.833
442.0000	0.0259485	394.953
441.8000	0.0258424	395.097
441.6000	0.0257442	395.219
441.4000	0.0256507	395.336
441.2000	0.0255475	395.456
441.0000	0.0254422	395.535
440.8000	0.0253397	395.637
440.6000	0.025244	395.705
440.4000	0.0251304	395.743
440.2000	0.0250215	395.773
440.0000	0.0249081	395.762
439.8000	0.024791	395.765
439.6000	0.0246713	395.713
439.4000	0.0245483	395.673
439.2000	0.024426	395.622
439.0000	0.0243123	395.552
438.8000	0.0242056	395.539
438.6000	0.0240943	395.506
438.4000	0.0239915	395.52
438.2000	0.0238923	395.513
438.0000	0.0237951	395.545
437.8000	0.0237016	395.601
437.6000	0.0236042	395.655
437.4000	0.0235056	395.756
437.2000	0.0234125	395.822
437.0000	0.0233271	395.911
436.8000	0.023234	395.973
436.6000	0.0231444	396.037
436.4000	0.0230585	396.09
436.2000	0.0229741	396.115
436.0000	0.0229033	396.14
435.8000	0.0228298	396.126
435.6000	0.0227544	396.115
435.4000	0.0226827	396.061
435.2000	0.0226225	396.008
435.0000	0.022555	395.93
434.8000	0.0224995	395.846
434.6000	0.0224423	395.767
434.4000	0.0223838	395.646
434.2000	0.0223246	395.527
434.0000	0.0222791	395.384
433.8000	0.0222384	395.258
433.6000	0.0221983	395.11
433.4000	0.0221558	394.977
433.2000	0.0221083	394.807
433.0000	0.0220725	394.63
432.8000	0.0220444	394.477
432.6000	0.0220158	394.308
432.4000	0.0219836	394.15
432.2000	0.0219539	393.958
432.0000	0.0219246	393.784
431.8000	0.0218975	393.58
431.6000	0.0218906	393.389
431.4000	0.0218739	393.178
431.2000	0.0218503	392.963
431.0000	0.0218321	392.739
430.8000	0.0218219	392.508
430.6000	0.0218158	392.298
430.4000	0.0218125	392.061
430.2000	0.021816	391.832
430.0000	0.0218183	391.605
429.8000	0.0218119	391.383
429.6000	0.0218127	391.153
429.4000	0.0218201	390.947
429.2000	0.0218232	390.718
429.0000	0.0218224	390.495
428.8000	0.0218232	390.269
428.6000	0.0218127	390.049
428.4000	0.0217988	389.82
428.2000	0.0217834	389.591
428.0000	0.0217855	389.368
427.8000	0.0217902	389.146
427.6000	0.0217956	388.908
427.4000	0.021795	388.687
427.2000	0.021796	388.478
427.0000	0.0218167	388.271
426.8000	0.0218362	388.071
426.6000	0.0218605	387.872
426.4000	0.0218906	387.688
426.2000	0.021905	387.497
426.0000	0.0219156	387.315
425.8000	0.0219287	387.138
425.6000	0.0219418	386.947
425.4000	0.021948	386.768
425.2000	0.0219591	386.586
425.0000	0.0219685	386.415
424.8000	0.0219678	386.232
424.6000	0.0219663	386.062
424.4000	0.0219693	385.886
424.2000	0.0219708	385.717
424.0000	0.0219827	385.538
423.8000	0.0219877	385.377
423.6000	0.0219935	385.206
423.4000	0.0220046	385.043
423.2000	0.022018	384.872
423.0000	0.0220365	384.709
422.8000	0.022058	384.525
422.6000	0.0220773	384.348
422.4000	0.0220953	384.155
422.2000	0.0221131	383.964
422.0000	0.0221285	383.745
421.8000	0.022137	383.526
421.6000	0.0221563	383.286
421.4000	0.0221718	383.045
421.2000	0.0221813	382.788
421.0000	0.022193	382.545
420.8000	0.0221947	382.302
420.6000	0.0222024	382.073
420.4000	0.0222169	381.857
420.2000	0.0222389	381.68
420.0000	0.0222501	381.517
419.8000	0.0222678	381.398
419.6000	0.0222866	381.311
419.4000	0.0223094	381.271
419.2000	0.0223418	381.246
419.0000	0.0223715	381.26
418.8000	0.0223946	381.265
418.6000	0.0224201	381.303
418.4000	0.022454	381.331
418.2000	0.0224893	381.384
418.0000	0.0225132	381.398
417.8000	0.0225324	381.427
417.6000	0.0225565	381.414
417.4000	0.0225782	381.415
417.2000	0.0226117	381.394
417.0000	0.0226414	381.353
416.8000	0.0226683	381.29
416.6000	0.0226884	381.21
416.4000	0.0227139	381.12
416.2000	0.0227486	381.02
416.0000	0.0227883	380.909
415.8000	0.0228296	380.79
415.6000	0.0228703	380.666
415.4000	0.0229142	380.511
415.2000	0.0229527	380.376
415.0000	0.0229896	380.213
414.8000	0.0230379	380.065
414.6000	0.0230844	379.886
414.4000	0.0231288	379.707
414.2000	0.0231764	379.51
414.0000	0.0232217	379.312
413.8000	0.0232546	379.117
413.6000	0.0233	378.907
413.4000	0.0233474	378.71
413.2000	0.023397	378.498
413.0000	0.0234436	378.306
412.8000	0.0234869	378.107
412.6000	0.023523	377.921
412.4000	0.0235626	377.727
412.2000	0.023617	377.553
412.0000	0.0236639	377.379
411.8000	0.0237191	377.203
411.6000	0.0237814	377.047
411.4000	0.0238417	376.877
411.2000	0.0239038	376.707
411.0000	0.0239739	376.547
410.8000	0.0240389	376.395
410.6000	0.0241007	376.227
410.4000	0.0241698	376.053
410.2000	0.0242376	375.899
410.0000	0.0243001	375.724
409.8000	0.0243563	375.541
409.6000	0.0244204	375.359
409.4000	0.0244798	375.193
409.2000	0.0245491	375.013
409.0000	0.0246202	374.83
408.8000	0.0246857	374.664
408.6000	0.0247525	374.49
408.4000	0.0248156	374.316
408.2000	0.0248885	374.151
408.0000	0.0249679	373.977
407.8000	0.0250479	373.797
407.6000	0.025125	373.612
407.4000	0.0252009	373.437
407.2000	0.0252783	373.254
407.0000	0.0253527	373.072
406.8000	0.0254304	372.883
406.6000	0.0255136	372.692
406.4000	0.0255929	372.512
406.2000	0.0256714	372.329
406.0000	0.0257502	372.156
405.8000	0.0258373	371.983
405.6000	0.0259264	371.812
405.4000	0.0260177	371.636
405.2000	0.0261051	371.464
405.0000	0.0261824	371.287
404.8000	0.0262543	371.125
404.6000	0.0263274	370.961
404.4000	0.0264113	370.792
404.2000	0.0264924	370.627
404.0000	0.0265666	370.462
403.8000	0.0266445	370.295
403.6000	0.0267346	370.141
403.4000	0.026822	369.998
403.2000	0.0269174	369.849
403.0000	0.0270166	369.692
402.8000	0.0271112	369.532
402.6000	0.0272052	369.377
402.4000	0.0272979	369.209
402.2000	0.0273923	369.043
402.0000	0.0274751	368.882
401.8000	0.0275629	368.713
401.6000	0.027643	368.548
401.4000	0.0277189	368.377
401.2000	0.0278036	368.215
401.0000	0.0278834	368.067
400.8000	0.0279671	367.925
400.6000	0.0280541	367.79
400.4000	0.0281473	367.662
400.2000	0.0282383	367.522
400.0000	0.0283333	367.398
399.8000	0.0284358	367.28
399.6000	0.0285342	367.176
399.4000	0.0286348	367.092
399.2000	0.0287332	367.001
399.0000	0.0288274	366.918
398.8000	0.0289195	366.865
398.6000	0.0290014	366.821
398.4000	0.0290865	366.797
398.2000	0.0291748	366.809
398.0000	0.02925	366.821
397.8000	0.0293265	366.861
397.6000	0.0294016	366.927
397.4000	0.0294851	367.006
397.2000	0.0295718	367.117
397.0000	0.0296596	367.251
396.8000	0.0297535	367.394
396.6000	0.029836	367.56
396.4000	0.029927	367.746
396.2000	0.0300209	367.94
396.0000	0.0301204	368.155
395.8000	0.0302148	368.39
395.6000	0.0302957	368.626
395.4000	0.0303824	368.884
395.2000	0.0304746	369.152
395.0000	0.0305684	369.416
394.8000	0.0306477	369.701
394.6000	0.0307235	369.995
394.4000	0.0308055	370.292
394.2000	0.0308886	370.588
394.0000	0.0309738	370.897
393.8000	0.0310654	371.215
393.6000	0.0311375	371.546
393.4000	0.0312132	371.898
393.2000	0.0312941	372.262
393.0000	0.031381	372.641
392.8000	0.0314673	373.024
392.6000	0.0315415	373.44
392.4000	0.031609	373.855
392.2000	0.0316688	374.293
392.0000	0.0317446	374.733
391.8000	0.0318188	375.181
391.6000	0.0318858	375.637
391.4000	0.0319564	376.105
391.2000	0.0320151	376.59
391.0000	0.0320711	377.097
390.8000	0.032128	377.622
390.6000	0.0321913	378.148
390.4000	0.0322491	378.707
390.2000	0.0323021	379.284
390.0000	0.032348	379.891
389.8000	0.0324001	380.52
389.6000	0.0324469	381.164
389.4000	0.0324971	381.817
389.2000	0.0325482	382.494
389.0000	0.0325886	383.207
388.8000	0.0326293	383.938
388.6000	0.032665	384.699
388.4000	0.032707	385.469
388.2000	0.0327456	386.263
388.0000	0.0327769	387.079
387.8000	0.0328123	387.928
387.6000	0.03284	388.789
387.4000	0.0328627	389.667
387.2000	0.0328789	390.567
387.0000	0.0329014	391.494
386.8000	0.0329154	392.454
386.6000	0.0329161	393.452
386.4000	0.0329154	394.47
386.2000	0.0329101	395.518
386.0000	0.0329086	396.601
385.8000	0.0329175	397.729
385.6000	0.0329132	398.893
385.4000	0.0328976	400.085
385.2000	0.0328839	401.3
385.0000	0.0328697	402.554
384.8000	0.0328564	403.837
384.6000	0.0328441	405.141
384.4000	0.0328175	406.486
384.2000	0.0327804	407.886
384.0000	0.0327392	409.323
383.8000	0.0326997	410.788
383.6000	0.0326541	412.318
383.4000	0.0326093	413.896
383.2000	0.0325629	415.514
383.0000	0.0325003	417.189
382.8000	0.0324413	418.916
382.6000	0.0323728	420.705
382.4000	0.0323088	422.526
382.2000	0.032242	424.408
382.0000	0.0321698	426.324
381.8000	0.0320878	428.286
381.6000	0.031996	430.311
381.4000	0.0319153	432.391
381.2000	0.0318227	434.531
381.0000	0.0317312	436.719
380.8000	0.0316261	438.969
380.6000	0.0315219	441.295
380.4000	0.0314071	443.68
380.2000	0.0312734	446.151
380.0000	0.031123	448.677
379.8000	0.030959	451.272
379.6000	0.0307897	453.97
379.4000	0.0306337	456.75
379.2000	0.0304701	459.625
379.0000	0.0302824	462.589
378.8000	0.0300799	465.635
378.6000	0.0298759	468.765
378.4000	0.0296604	471.994
378.2000	0.0294355	475.312
378.0000	0.029178	478.701
377.8000	0.0288976	482.153
377.6000	0.0285948	485.686
377.4000	0.028256	489.295
377.2000	0.0279063	493.009
377.0000	0.0275438	496.824
376.8000	0.0271404	500.737
376.6000	0.0267052	504.733
376.4000	0.0262588	508.83
376.2000	0.0257688	512.987
376.0000	0.0252566	517.252
375.8000	0.0247234	521.58
375.6000	0.0241634	525.95
375.4000	0.0235233	530.373
375.2000	0.0228564	534.838
375.0000	0.0221444	539.362
374.8000	0.0213903	543.947
374.6000	0.0205651	548.597
374.4000	0.0196523	553.307
374.2000	0.0186817	558.063
374.0000	0.0176384	562.867
373.8000	0.0165462	567.755
373.6000	0.0153557	572.662
373.4000	0.0141151	577.607
373.2000	0.0127964	582.545
373.0000	0.0113873	587.473
372.8000	0.00988011	592.4
372.6000	0.00832515	597.278
372.4000	0.00669903	602.101
372.2000	0.00501948	606.817
372.0000	0.00330386	611.459
371.8000	0.00155799	615.999
371.6000	-0.000283926	620.4
371.4000	-0.00217787	624.691
371.2000	-0.00406284	628.811
371.0000	-0.00602564	632.784
370.8000	-0.00803272	636.637
370.6000	-0.0100362	640.355
370.4000	-0.0120398	643.921
370.2000	-0.0140307	647.324
370.0000	-0.015996	650.552
369.8000	-0.0178793	653.634
369.6000	-0.0197199	656.553
369.4000	-0.0214885	659.299
369.2000	-0.0231502	661.86
369.0000	-0.0247713	664.208
368.8000	-0.0263204	666.396
368.6000	-0.0278071	668.419
368.4000	-0.0292478	670.281
368.2000	-0.0306312	671.996
368.0000	-0.0318395	673.54
367.8000	-0.032985	674.935
367.6000	-0.0340972	676.203
367.4000	-0.0350955	677.377
367.2000	-0.0359988	678.445
367.0000	-0.0367897	679.37
366.8000	-0.0375103	680.178
366.6000	-0.0381734	680.924
366.4000	-0.0388299	681.601
366.2000	-0.0394609	682.203
366.0000	-0.0400309	682.718
365.8000	-0.0404465	683.164
365.6000	-0.0407946	683.565
365.4000	-0.0411935	683.932
365.2000	-0.041542	684.26
365.0000	-0.0418155	684.534
364.8000	-0.042026	684.75
364.6000	-0.0421186	684.92
364.4000	-0.0422502	685.096
364.2000	-0.0423743	685.239
364.0000	-0.0425373	685.376
363.8000	-0.0426958	685.468
363.6000	-0.0427619	685.53
363.4000	-0.0428391	685.582
363.2000	-0.0429747	685.624
363.0000	-0.0431739	685.677
362.8000	-0.0433257	685.721
362.6000	-0.0434595	685.768
362.4000	-0.0436385	685.775
362.2000	-0.0436825	685.748
362.0000	-0.0437662	685.754
361.8000	-0.043839	685.754
361.6000	-0.0438824	685.742
361.4000	-0.0438707	685.74
361.2000	-0.0438667	685.699
361.0000	-0.043811	685.633
360.8000	-0.0437069	685.58
360.6000	-0.0437472	685.533
360.4000	-0.0438357	685.486
360.2000	-0.0438712	685.433
360.0000	-0.0438955	685.402
359.8000	-0.0439795	685.356
359.6000	-0.0440155	685.294
359.4000	-0.0440109	685.255
359.2000	-0.0440028	685.225
359.0000	-0.0439943	685.21
358.8000	-0.0439692	685.177
358.6000	-0.0439703	685.135
358.4000	-0.0439466	685.085
358.2000	-0.0439419	685.042
358.0000	-0.0439353	684.994
357.8000	-0.0440161	684.948
357.6000	-0.0441864	684.87
357.4000	-0.0443842	684.77
357.2000	-0.0444851	684.685
357.0000	-0.0445752	684.61
356.8000	-0.0446181	684.564
356.6000	-0.0447007	684.5
356.4000	-0.0447957	684.423
356.2000	-0.0447836	684.359
356.0000	-0.0447623	684.304
355.8000	-0.044633	684.278
355.6000	-0.0445284	684.248
355.4000	-0.0444172	684.213
355.2000	-0.0443846	684.158
355.0000	-0.0442812	684.097
354.8000	-0.0441546	684.05
354.6000	-0.0440891	684.02
354.4000	-0.0440534	683.978
354.2000	-0.0440764	683.95
354.0000	-0.0440986	683.916
353.8000	-0.0441741	683.861
353.6000	-0.04425	683.809
353.4000	-0.0443714	683.755
353.2000	-0.0444878	683.726
353.0000	-0.0445647	683.697
352.8000	-0.0446042	683.687
352.6000	-0.0446442	683.641
352.4000	-0.0446905	683.589
352.2000	-0.0446996	683.553
352.0000	-0.0446526	683.515
351.8000	-0.0446175	683.469
351.6000	-0.0445523	683.395
351.4000	-0.0445546	683.321
351.2000	-0.0445137	683.257
351.0000	-0.0445239	683.193
350.8000	-0.0445149	683.136
350.6000	-0.0444798	683.064
350.4000	-0.0444531	683.011
350.2000	-0.0444432	682.971
350.0000	-0.0444499	682.93
