750.0000	0.000826389	362.101
749.8000	0.000825113	362.059
749.6000	0.000824307	362.02
749.4000	0.000829575	361.983
749.2000	0.000829059	361.946
749.0000	0.000825848	361.907
748.8000	0.000824118	361.869
748.6000	0.000825735	361.821
748.4000	0.000826196	361.759
748.2000	0.000829855	361.625
748.0000	0.000832611	361.409
747.8000	0.000840262	361.18
747.6000	0.00085094	360.938
747.4000	0.000854565	360.689
747.2000	0.000860266	360.429
747.0000	0.000858304	360.161
746.8000	0.000853226	359.886
746.6000	0.000847479	359.623
746.4000	0.000841055	359.463
746.2000	0.000837604	359.303
746.0000	0.000834763	359.147
745.8000	0.00084314	358.985
745.6000	0.000845599	358.807
745.4000	0.000850784	358.616
745.2000	0.000851981	358.426
745.0000	0.000856619	358.246
744.8000	0.000859131	358.083
744.6000	0.000854617	357.921
744.4000	0.00085087	357.757
744.2000	0.000842252	357.595
744.0000	0.000837253	357.43
743.8000	0.000829984	357.274
743.6000	0.00082688	357.127
743.4000	0.00082721	356.984
743.2000	0.000829874	356.765
743.0000	0.000832968	356.459
742.8000	0.000836819	356.156
742.6000	0.00084201	355.87
742.4000	0.000842743	355.608
742.2000	0.000850381	355.356
742.0000	0.000849469	355.123
741.8000	0.000846213	354.891
741.6000	0.000838495	354.682
741.4000	0.000831924	354.625
741.2000	0.000829022	354.584
741.0000	0.000822147	354.548
740.8000	0.000819562	354.511
740.6000	0.000821371	354.482
740.4000	0.000816498	354.454
740.2000	0.000820554	354.429
740.0000	0.000827496	354.406
739.8000	0.000830878	354.387
739.6000	0.000837009	354.347
739.4000	0.000846387	354.295
739.2000	0.00085759	354.233
739.0000	0.000860312	354.154
738.8000	0.000863196	354.061
738.6000	0.000865271	353.953
738.4000	0.000865216	353.766
738.2000	0.000872961	353.454
738.0000	0.000878516	353.134
737.8000	0.000880319	352.788
737.6000	0.000883069	352.433
737.4000	0.000885464	352.069
737.2000	0.000890091	351.673
737.0000	0.000894452	351.237
736.8000	0.000897516	350.774
736.6000	0.000895767	350.433
736.4000	0.000903897	350.07
736.2000	0.000908722	349.686
736.0000	0.000914816	349.3
735.8000	0.000918014	348.905
735.6000	0.000921921	348.521
735.4000	0.000921686	348.175
735.2000	0.000921188	347.886
735.0000	0.000923837	347.642
734.8000	0.000919409	347.438
734.6000	0.000918652	347.294
734.4000	0.000912524	347.202
734.2000	0.000906372	347.149
734.0000	0.000903055	347.146
733.8000	0.000911185	347.177
733.6000	0.000920248	347.1
733.4000	0.000922574	347.051
733.2000	0.000923071	347.034
733.0000	0.00091842	347.029
732.8000	0.000925272	347.029
732.6000	0.000937524	347.043
732.4000	0.00095188	347.072
732.2000	0.000950015	347.108
732.0000	0.000946289	347.227
731.8000	0.000941833	347.399
731.6000	0.000942145	347.564
731.4000	0.000946671	347.732
731.2000	0.000947214	347.906
731.0000	0.00094006	348.068
730.8000	0.000929449	348.204
730.6000	0.000926202	348.331
730.4000	0.000919162	348.468
730.2000	0.000927734	348.598
730.0000	0.000943179	348.718
729.8000	0.000956454	348.817
729.6000	0.00095578	348.919
729.4000	0.000953009	349.019
729.2000	0.000961108	349.066
729.0000	0.000969016	349.04
728.8000	0.000977737	349.013
728.6000	0.000984708	348.989
728.4000	0.000986832	348.96
728.2000	0.000987753	348.932
728.0000	0.00100191	348.912
727.8000	0.00101802	348.907
727.6000	0.00102315	348.908
727.4000	0.00102726	349.024
727.2000	0.00103732	349.129
727.0000	0.0010406	349.216
726.8000	0.00103588	349.301
726.6000	0.00103336	349.401
726.4000	0.00103264	349.484
726.2000	0.00102542	349.554
726.0000	0.0010333	349.608
725.8000	0.00103583	349.66
725.6000	0.00103565	349.704
725.4000	0.00103748	349.739
725.2000	0.00104551	349.769
725.0000	0.00105627	349.794
724.8000	0.00106909	349.746
724.6000	0.00108031	349.614
724.4000	0.0010905	349.473
724.2000	0.00110109	349.323
724.0000	0.00111876	349.173
723.8000	0.00112662	349.018
723.6000	0.00113555	348.857
723.4000	0.00114224	348.683
723.2000	0.00114559	348.517
723.0000	0.00114867	348.463
722.8000	0.00115379	348.406
722.6000	0.00115287	348.34
722.4000	0.00115215	348.267
722.2000	0.00116198	348.179
722.0000	0.0011674	348.075
721.8000	0.00117418	347.96
721.6000	0.00117365	347.842
721.4000	0.0011719	347.721
721.2000	0.00117458	347.591
721.0000	0.00118431	347.45
720.8000	0.00119194	347.3
720.6000	0.00120182	347.148
720.4000	0.0012093	346.86
720.2000	0.00121634	346.553
720.0000	0.00122928	346.24
719.8000	0.00124893	345.911
719.6000	0.00127107	345.583
719.4000	0.00127736	345.268
719.2000	0.00128742	344.958
719.0000	0.00128437	344.638
718.8000	0.00129306	344.403
718.6000	0.00130231	344.245
718.4000	0.00131345	344.091
718.2000	0.00131843	343.935
718.0000	0.00131724	343.785
717.8000	0.00132313	343.639
717.6000	0.00134063	343.499
717.4000	0.00135344	343.361
717.2000	0.00136047	343.232
717.0000	0.00137062	343.104
716.8000	0.00138228	342.971
716.6000	0.00138484	342.848
716.4000	0.0013883	342.669
716.2000	0.00140393	342.405
716.0000	0.00140481	342.133
715.8000	0.00141009	341.872
715.6000	0.00142068	341.621
715.4000	0.00143221	341.379
715.2000	0.00143647	341.146
715.0000	0.00144518	340.92
714.8000	0.00145847	340.725
714.6000	0.00146957	340.662
714.4000	0.00147717	340.629
714.2000	0.00148591	340.608
714.0000	0.00149008	340.597
713.8000	0.00149225	340.606
713.6000	0.00149869	340.636
713.4000	0.00150846	340.682
713.2000	0.00151613	340.744
713.0000	0.00152222	340.824
712.8000	0.00152625	340.91
712.6000	0.00153657	341.008
712.4000	0.00155498	341.125
712.2000	0.00157277	341.145
712.0000	0.00158851	341.166
711.8000	0.00159897	341.193
711.6000	0.00161237	341.223
711.4000	0.00162498	341.255
711.2000	0.00164063	341.303
711.0000	0.00165408	341.358
710.8000	0.00166281	341.403
710.6000	0.00167616	341.527
710.4000	0.00169351	341.703
710.2000	0.00170618	341.877
710.0000	0.00172213	342.065
709.8000	0.0017365	342.247
709.6000	0.00174924	342.423
709.4000	0.00177266	342.59
709.2000	0.00179325	342.76
709.0000	0.00180282	342.921
708.8000	0.00181346	343.064
708.6000	0.00183488	343.199
708.4000	0.00185469	343.318
708.2000	0.00187158	343.318
708.0000	0.00189551	343.311
707.8000	0.00190725	343.288
707.6000	0.00191669	343.255
707.4000	0.00193401	343.216
707.2000	0.00195683	343.181
707.0000	0.00196915	343.142
706.8000	0.00198142	343.115
706.6000	0.00199792	343.159
706.4000	0.00200837	343.244
706.2000	0.00202239	343.332
706.0000	0.00203815	343.432
705.8000	0.00205582	343.531
705.6000	0.00207358	343.627
705.4000	0.00209389	343.718
705.2000	0.00211262	343.8
705.0000	0.00214464	343.869
704.8000	0.00217194	343.941
704.6000	0.00220145	344.012
704.4000	0.00222805	343.94
704.2000	0.00225617	343.859
704.0000	0.00228748	343.775
703.8000	0.00230567	343.685
703.6000	0.00232822	343.603
703.4000	0.00234597	343.52
703.2000	0.00236114	343.434
703.0000	0.00238284	343.348
702.8000	0.00240431	343.351
702.6000	0.00242347	343.41
702.4000	0.00243715	343.464
702.2000	0.00245117	343.526
702.0000	0.00246299	343.584
701.8000	0.00248118	343.638
701.6000	0.00249641	343.699
701.4000	0.00251725	343.758
701.2000	0.00253876	343.816
701.0000	0.00257404	343.878
700.8000	0.00260559	343.945
700.6000	0.00264026	343.89
700.4000	0.00267986	343.821
700.2000	0.00271139	343.756
700.0000	0.00274913	343.699
699.8000	0.00277953	343.63
699.6000	0.00280583	343.568
699.4000	0.00282443	343.515
699.2000	0.00284974	343.465
699.0000	0.00288172	343.501
698.8000	0.00291778	343.602
698.6000	0.00295959	343.722
698.4000	0.0030015	343.846
698.2000	0.00304243	343.984
698.0000	0.00308548	344.125
697.8000	0.00313545	344.254
697.6000	0.00318254	344.384
697.4000	0.0032234	344.514
697.2000	0.00325918	344.641
697.0000	0.00329514	344.7
696.8000	0.00332827	344.673
696.6000	0.00335352	344.64
696.4000	0.0033821	344.615
696.2000	0.00342346	344.598
696.0000	0.00346206	344.587
695.8000	0.00350362	344.577
695.6000	0.00354633	344.568
695.4000	0.00358889	344.566
695.2000	0.00363811	344.685
695.0000	0.00369289	344.819
694.8000	0.00374848	344.957
694.6000	0.00379743	345.097
694.4000	0.00383986	345.25
694.2000	0.00388416	345.42
694.0000	0.00393345	345.593
693.8000	0.00398692	345.764
693.6000	0.00403731	345.957
693.4000	0.00408088	346.094
693.2000	0.00413209	346.163
693.0000	0.00418278	346.228
692.8000	0.00423873	346.285
692.6000	0.00429274	346.344
692.4000	0.00433547	346.415
692.2000	0.00437757	346.509
692.0000	0.00441879	346.614
691.8000	0.00446466	346.739
691.6000	0.00451546	346.994
691.4000	0.00456519	347.28
691.2000	0.00461148	347.583
691.0000	0.00465085	347.881
690.8000	0.00470409	348.196
690.6000	0.00475981	348.557
690.4000	0.00480787	348.954
690.2000	0.00486014	349.371
690.0000	0.00490445	349.789
689.8000	0.00494801	350.079
689.6000	0.00499188	350.374
689.4000	0.00503852	350.709
689.2000	0.00507915	351.075
689.0000	0.00511334	351.42
688.8000	0.00516161	351.744
688.6000	0.00520784	352.083
688.4000	0.00525167	352.444
688.2000	0.00529801	352.896
688.0000	0.00534075	353.402
687.8000	0.00538098	353.913
687.6000	0.00542236	354.424
687.4000	0.00547235	354.945
687.2000	0.00551492	355.474
687.0000	0.00554485	355.991
686.8000	0.005579	356.499
686.6000	0.00561692	357.014
686.4000	0.00566194	357.419
686.2000	0.00569847	357.818
686.0000	0.00573462	358.171
685.8000	0.00576353	358.484
685.6000	0.00577873	358.785
685.4000	0.00579708	359.077
685.2000	0.00580755	359.364
685.0000	0.00580937	359.65
684.8000	0.00581062	359.999
684.6000	0.0058058	360.376
684.4000	0.00579362	360.773
684.2000	0.00578157	361.191
684.0000	0.00577553	361.622
683.8000	0.00577485	362.054
683.6000	0.00576616	362.516
683.4000	0.00574966	363.003
683.2000	0.00573047	363.521
683.0000	0.00569694	363.962
682.8000	0.00566695	364.401
682.6000	0.00563914	364.851
682.4000	0.00560596	365.287
682.2000	0.00557005	365.71
682.0000	0.00553863	366.094
681.8000	0.00551349	366.406
681.6000	0.00548213	366.657
681.4000	0.0054499	366.93
681.2000	0.00542903	367.206
681.0000	0.00540423	367.444
680.8000	0.00536184	367.65
680.6000	0.00531786	367.83
680.4000	0.0052804	367.983
680.2000	0.00523459	368.118
680.0000	0.00519237	368.24
679.8000	0.00515196	368.274
679.6000	0.00509983	368.207
679.4000	0.00504675	368.109
679.2000	0.00500392	367.981
679.0000	0.00495756	367.833
678.8000	0.00489908	367.663
678.6000	0.00484296	367.489
678.4000	0.00478914	367.293
678.2000	0.00473105	367.102
678.0000	0.00467292	367.017
677.8000	0.00461272	366.933
677.6000	0.00454939	366.854
677.4000	0.00449424	366.76
677.2000	0.00443969	366.655
677.0000	0.00438095	366.537
676.8000	0.00432017	366.411
676.6000	0.00426501	366.231
676.4000	0.00421082	365.967
676.2000	0.00415537	365.68
676.0000	0.00409491	365.373
675.8000	0.00403209	365.061
675.6000	0.003967	364.763
675.4000	0.00391025	364.454
675.2000	0.00385156	364.132
675.0000	0.00378794	363.821
674.8000	0.00371273	363.625
674.6000	0.00365344	363.445
674.4000	0.00359452	363.268
674.2000	0.00354043	363.087
674.0000	0.00349379	362.911
673.8000	0.00344751	362.73
673.6000	0.00339714	362.545
673.4000	0.0033543	362.237
673.2000	0.00332289	361.912
673.0000	0.00328338	361.583
672.8000	0.00324282	361.256
672.6000	0.00320222	360.925
672.4000	0.00315852	360.586
672.2000	0.00311738	360.242
672.0000	0.00308412	359.908
671.8000	0.00304333	359.65
671.6000	0.00300156	359.431
671.4000	0.00296309	359.195
671.2000	0.00292719	358.938
671.0000	0.00289595	358.678
670.8000	0.00286555	358.422
670.6000	0.0028291	358.15
670.4000	0.00279022	357.808
670.2000	0.00275239	357.383
670.0000	0.00271291	356.968
669.8000	0.00267177	356.55
669.6000	0.0026293	356.119
669.4000	0.00258695	355.687
669.2000	0.00254119	355.245
669.0000	0.00250339	354.809
668.8000	0.00246311	354.381
668.6000	0.00242394	354.051
668.4000	0.00237973	353.708
668.2000	0.00234194	353.376
668.0000	0.0023013	353.062
667.8000	0.00226278	352.742
667.6000	0.00222782	352.42
667.4000	0.00218989	352.04
667.2000	0.00214693	351.593
667.0000	0.00210846	351.169
666.8000	0.00207232	350.751
666.6000	0.00204126	350.337
666.4000	0.00201587	349.912
666.2000	0.00198714	349.492
666.0000	0.00195265	349.084
665.8000	0.00191617	348.683
665.6000	0.00187867	348.377
665.4000	0.00184526	348.076
665.2000	0.00181096	347.776
665.0000	0.00177938	347.468
664.8000	0.0017447	347.147
664.6000	0.0016957	346.814
664.4000	0.00165139	346.41
664.2000	0.00161409	345.95
664.0000	0.00157514	345.515
663.8000	0.00152849	345.086
663.6000	0.00148166	344.66
663.4000	0.00142938	344.245
663.2000	0.00137056	343.842
663.0000	0.0013304	343.455
662.8000	0.00129947	343.097
662.6000	0.00126379	342.847
662.4000	0.00122758	342.588
662.2000	0.00119932	342.324
662.0000	0.00117535	342.054
661.8000	0.00115118	341.786
661.6000	0.00113901	341.522
661.4000	0.00112206	341.176
661.2000	0.00109118	340.827
661.0000	0.00105979	340.48
660.8000	0.0010307	340.149
660.6000	0.000998617	339.82
660.4000	0.000974631	339.505
660.2000	0.000951471	339.195
660.0000	0.000922119	338.885
659.8000	0.000894144	338.632
659.6000	0.000873788	338.422
659.4000	0.000855655	338.228
659.2000	0.000836087	338.043
659.0000	0.000825244	337.85
658.8000	0.000809265	337.66
658.6000	0.000796118	337.381
658.4000	0.000784525	337.103
658.2000	0.000773187	336.843
658.0000	0.000754211	336.588
657.8000	0.000744373	336.328
657.6000	0.000735455	336.069
657.4000	0.000727438	335.819
657.2000	0.000716956	335.586
657.0000	0.000710934	335.416
656.8000	0.000699005	335.288
656.6000	0.000684015	335.152
656.4000	0.000670419	335.013
656.2000	0.000661652	334.889
656.0000	0.000648117	334.768
655.8000	0.000636322	334.54
655.6000	0.000626202	334.294
655.4000	0.000602737	334.047
655.2000	0.0005883	333.804
655.0000	0.000579501	333.567
654.8000	0.000571194	333.341
654.6000	0.000562555	333.113
654.4000	0.000552835	332.871
654.2000	0.000533542	332.689
654.0000	0.000513971	332.556
653.8000	0.000498328	332.424
653.6000	0.000481378	332.293
653.4000	0.000458978	332.156
653.2000	0.000437122	332.01
653.0000	0.000419345	331.761
652.8000	0.00039837	331.502
652.6000	0.000380988	331.254
652.4000	0.000368344	331.002
652.2000	0.000355673	330.746
652.0000	0.000345261	330.484
651.8000	0.000337592	330.211
651.6000	0.000324118	329.934
651.4000	0.000303357	329.714
651.2000	0.000286301	329.537
651.0000	0.000267462	329.365
650.8000	0.000249283	329.199
650.6000	0.000232037	329.044
650.4000	0.000209625	328.84
650.2000	0.000187381	328.58
650.0000	0.000167822	328.329
649.8000	0.000156	328.095
649.6000	0.000142557	327.874
649.4000	0.000127264	327.652
649.2000	0.000114713	327.423
649.0000	9.70856E-005	327.192
648.8000	8.64227E-005	326.985
648.6000	7.58759E-005	326.885
648.4000	6.62537E-005	326.797
648.2000	5.58563E-005	326.706
648.0000	5.07202E-005	326.611
647.8000	4.6698E-005	326.479
647.6000	4.25934E-005	326.298
647.4000	3.85773E-005	326.12
647.2000	3.57758E-005	325.943
647.0000	3.43231E-005	325.764
646.8000	3.36029E-005	325.578
646.6000	3.08411E-005	325.399
646.4000	3.1485E-005	325.227
646.2000	3.35388E-005	325.059
646.0000	3.38165E-005	324.981
645.8000	3.24493E-005	324.908
645.6000	3.56384E-005	324.83
645.4000	4.29535E-005	324.747
645.2000	4.84222E-005	324.626
645.0000	4.90631E-005	324.442
644.8000	5.29663E-005	324.251
644.6000	6.19568E-005	324.065
644.4000	6.68884E-005	323.883
644.2000	7.24335E-005	323.693
644.0000	8.04291E-005	323.507
643.8000	7.78137E-005	323.321
643.6000	8.0957E-005	323.142
643.4000	8.703E-005	323.042
643.2000	8.9566E-005	322.951
643.0000	8.89496E-005	322.862
642.8000	8.93219E-005	322.763
642.6000	9.07837E-005	322.625
642.4000	9.31427E-005	322.425
642.2000	9.69452E-005	322.221
642.0000	9.1217E-005	322.019
641.8000	8.69751E-005	321.825
641.6000	9.07288E-005	321.63
641.4000	8.56384E-005	321.427
641.2000	7.72186E-005	321.228
641.0000	7.36298E-005	321.032
640.8000	7.05444E-005	320.929
640.6000	5.98389E-005	320.834
640.4000	5.44251E-005	320.737
640.2000	4.91577E-005	320.63
640.0000	4.35944E-005	320.435
639.8000	3.82996E-005	320.235
639.6000	3.44788E-005	320.032
639.4000	2.83051E-005	319.83
639.2000	2.00378E-005	319.632
639.0000	2.01782E-005	319.426
638.8000	1.70532E-005	319.222
638.6000	1.15784E-005	319.018
638.4000	2.24304E-006	318.872
638.2000	-3.05176E-007	318.765
638.0000	-1.97144E-006	318.652
637.8000	5.67627E-007	318.54
637.6000	-4.45251E-006	318.339
637.4000	-1.35986E-005	318.138
637.2000	-2.01569E-005	317.936
637.0000	-2.78564E-005	317.74
636.8000	-2.724E-005	317.557
636.6000	-3.0545E-005	317.368
636.4000	-4.42657E-005	317.182
636.2000	-6.06781E-005	317.005
636.0000	-6.70105E-005	316.886
635.8000	-7.0813E-005	316.804
635.6000	-7.31964E-005	316.723
635.4000	-7.41028E-005	316.642
635.2000	-8.25256E-005	316.517
635.0000	-9.01947E-005	316.337
634.8000	-9.50623E-005	316.169
634.6000	-9.27277E-005	315.998
634.4000	-9.50928E-005	315.827
634.2000	-9.54193E-005	315.666
634.0000	-9.31641E-005	315.502
633.8000	-9.38873E-005	315.347
633.6000	-8.90167E-005	315.201
633.4000	-8.68713E-005	315.143
633.2000	-7.75574E-005	315.088
633.0000	-7.33856E-005	315.029
632.8000	-7.40662E-005	314.895
632.6000	-7.83874E-005	314.759
632.4000	-8.38409E-005	314.626
632.2000	-8.86719E-005	314.491
632.0000	-9.62769E-005	314.362
631.8000	-9.86908E-005	314.237
631.6000	-9.67529E-005	314.115
631.4000	-9.87793E-005	313.997
631.2000	-9.92035E-005	313.938
631.0000	-0.000103076	313.91
630.8000	-0.000103284	313.882
630.6000	-0.000102182	313.865
630.4000	-9.42841E-005	313.759
630.2000	-8.91052E-005	313.647
630.0000	-8.81165E-005	313.529
629.8000	-8.55408E-005	313.419
629.6000	-7.86469E-005	313.313
629.4000	-6.81122E-005	313.205
629.2000	-6.09863E-005	313.098
629.0000	-5.75592E-005	312.991
628.8000	-6.13312E-005	312.932
628.6000	-6.33575E-005	312.911
628.4000	-6.23779E-005	312.895
628.2000	-6.66168E-005	312.834
628.0000	-7.6178E-005	312.715
627.8000	-7.49054E-005	312.594
627.6000	-6.96106E-005	312.475
627.4000	-6.78375E-005	312.35
627.2000	-6.97479E-005	312.226
627.0000	-7.40204E-005	312.11
626.8000	-7.38739E-005	311.993
626.6000	-6.57196E-005	311.885
626.4000	-5.44739E-005	311.852
626.2000	-4.7467E-005	311.826
626.0000	-4.63409E-005	311.799
625.8000	-4.75464E-005	311.699
625.6000	-4.0271E-005	311.592
625.4000	-2.97974E-005	311.475
625.2000	-2.65472E-005	311.362
625.0000	-3.0777E-005	311.244
624.8000	-3.49915E-005	311.131
624.6000	-3.97888E-005	311.019
624.4000	-4.34021E-005	310.911
624.2000	-4.56024E-005	310.85
624.0000	-4.76868E-005	310.822
623.8000	-5.46661E-005	310.797
623.6000	-5.88501E-005	310.686
623.4000	-6.63666E-005	310.564
623.2000	-6.41846E-005	310.449
623.0000	-6.08643E-005	310.33
622.8000	-6.21979E-005	310.196
622.6000	-6.11023E-005	310.067
622.4000	-5.62805E-005	309.937
622.2000	-5.1593E-005	309.809
622.0000	-4.60175E-005	309.74
621.8000	-4.03442E-005	309.711
621.6000	-3.6264E-005	309.68
621.4000	-3.33832E-005	309.569
621.2000	-2.7478E-005	309.461
621.0000	-2.23785E-005	309.358
620.8000	-2.46582E-005	309.251
620.6000	-2.66296E-005	309.145
620.4000	-2.78687E-005	309.031
620.2000	-2.49542E-005	308.914
620.0000	-2.83508E-005	308.801
619.8000	-4.22028E-005	308.743
619.6000	-4.99207E-005	308.717
619.4000	-5.32562E-005	308.686
619.2000	-4.98138E-005	308.586
619.0000	-5.01434E-005	308.477
618.8000	-5.15076E-005	308.376
618.6000	-5.51575E-005	308.282
618.4000	-5.1828E-005	308.185
618.2000	-4.13513E-005	308.088
618.0000	-3.58551E-005	307.997
617.8000	-3.45337E-005	307.897
617.6000	-3.86292E-005	307.848
617.4000	-3.95966E-005	307.828
617.2000	-3.98987E-005	307.77
617.0000	-4.02679E-005	307.659
616.8000	-4.4574E-005	307.545
616.6000	-5.39429E-005	307.434
616.4000	-5.71686E-005	307.32
616.2000	-6.09406E-005	307.208
616.0000	-6.83441E-005	307.096
615.8000	-7.10632E-005	306.98
615.6000	-7.55218E-005	306.875
615.4000	-7.87231E-005	306.851
615.2000	-7.92541E-005	306.826
615.0000	-7.23206E-005	306.73
614.8000	-7.53479E-005	306.623
614.6000	-8.37952E-005	306.519
614.4000	-8.7973E-005	306.424
614.2000	-8.93127E-005	306.323
614.0000	-9.37073E-005	306.227
613.8000	-9.6991E-005	306.125
613.6000	-0.000104285	306.026
613.4000	-0.000107935	305.969
613.2000	-0.000112241	305.948
613.0000	-0.000116449	305.85
612.8000	-0.000124042	305.742
612.6000	-0.000126495	305.64
612.4000	-0.000132993	305.537
612.2000	-0.000139957	305.439
612.0000	-0.000138263	305.34
611.8000	-0.000145706	305.24
611.6000	-0.000151379	305.135
611.4000	-0.000153348	305.083
611.2000	-0.000148657	305.07
611.0000	-0.000142874	305.014
610.8000	-0.000144473	304.911
610.6000	-0.000139594	304.812
610.4000	-0.000147958	304.709
610.2000	-0.000149347	304.609
610.0000	-0.000146753	304.51
609.8000	-0.000146494	304.416
609.6000	-0.000147269	304.319
609.4000	-0.000152686	304.229
609.2000	-0.000151981	304.216
609.0000	-0.000150272	304.17
608.8000	-0.000151022	304.073
608.6000	-0.000152652	303.977
608.4000	-0.00015542	303.887
608.2000	-0.00016058	303.79
608.0000	-0.000164526	303.694
607.8000	-0.000164105	303.6
607.6000	-0.000170929	303.503
607.4000	-0.000179523	303.418
607.2000	-0.000182846	303.401
607.0000	-0.00018407	303.347
606.8000	-0.000187863	303.247
606.6000	-0.000186981	303.15
606.4000	-0.000186621	303.054
606.2000	-0.000189746	302.951
606.0000	-0.000192371	302.853
605.8000	-0.000186682	302.754
605.6000	-0.000185495	302.648
605.4000	-0.000178745	302.556
605.2000	-0.000174536	302.534
605.0000	-0.000175214	302.441
604.8000	-0.000182877	302.347
604.6000	-0.000185297	302.255
604.4000	-0.000187299	302.158
604.2000	-0.00019548	302.062
604.0000	-0.000197678	301.972
603.8000	-0.000204172	301.882
603.6000	-0.000204956	301.787
603.4000	-0.000203128	301.739
603.2000	-0.000193378	301.725
603.0000	-0.000191284	301.642
602.8000	-0.000185675	301.559
602.6000	-0.000180542	301.479
602.4000	-0.000180783	301.39
602.2000	-0.000175821	301.3
602.0000	-0.000182028	301.216
601.8000	-0.000188766	301.127
601.6000	-0.000200308	301.037
601.4000	-0.000198608	300.99
601.2000	-0.000200031	300.889
601.0000	-0.000200452	300.79
600.8000	-0.000194928	300.684
600.6000	-0.000196313	300.586
600.4000	-0.000196677	300.485
600.2000	-0.000195938	300.383
600.0000	-0.000195151	300.281
599.8000	-0.00019967	300.178
599.6000	-0.000203845	300.124
599.4000	-0.000205008	300.07
599.2000	-0.000207996	299.971
599.0000	-0.000213989	299.872
598.8000	-0.00021373	299.768
598.6000	-0.00021109	299.668
598.4000	-0.00020535	299.567
598.2000	-0.0002022	299.464
598.0000	-0.000201852	299.365
597.8000	-0.000206796	299.277
597.6000	-0.000202582	299.248
597.4000	-0.000201929	299.147
597.2000	-0.000198059	299.04
597.0000	-0.000196292	298.939
596.8000	-0.000194949	298.835
596.6000	-0.000193011	298.731
596.4000	-0.000193854	298.622
596.2000	-0.000186862	298.507
596.0000	-0.000186002	298.398
595.8000	-0.000183084	298.336
595.6000	-0.000178171	298.237
595.4000	-0.000178458	298.132
595.2000	-0.000180536	298.023
595.0000	-0.000180579	297.91
594.8000	-0.000174112	297.801
594.6000	-0.000172809	297.695
594.4000	-0.000177423	297.589
594.2000	-0.000184647	297.479
594.0000	-0.000188306	297.417
593.8000	-0.000190155	297.316
593.6000	-0.000190576	297.213
593.4000	-0.000195465	297.119
593.2000	-0.000197034	297.022
593.0000	-0.000201669	296.924
592.8000	-0.000205801	296.822
592.6000	-0.000204013	296.721
592.4000	-0.000204907	296.619
592.2000	-0.000210916	296.564
592.0000	-0.00021839	296.468
591.8000	-0.000222385	296.36
591.6000	-0.000224567	296.254
591.4000	-0.000230209	296.147
591.2000	-0.000234659	296.041
591.0000	-0.000234625	295.94
590.8000	-0.000238644	295.841
590.6000	-0.000235175	295.735
590.4000	-0.000232898	295.643
590.2000	-0.000229614	295.545
590.0000	-0.000231265	295.445
589.8000	-0.000232874	295.348
589.6000	-0.000232285	295.256
589.4000	-0.000231979	295.161
589.2000	-0.000236768	295.062
589.0000	-0.000242056	294.962
588.8000	-0.000246967	294.872
588.6000	-0.000243301	294.785
588.4000	-0.000246042	294.702
588.2000	-0.000243005	294.616
588.0000	-0.000245212	294.526
587.8000	-0.000244232	294.443
587.6000	-0.000240961	294.361
587.4000	-0.000239239	294.281
587.2000	-0.000241916	294.198
587.0000	-0.000243918	294.121
586.8000	-0.000248587	294.026
586.6000	-0.000253922	293.928
586.4000	-0.000252808	293.835
586.2000	-0.000250955	293.738
586.0000	-0.000248676	293.641
585.8000	-0.000253397	293.542
585.6000	-0.000258267	293.454
585.4000	-0.000262781	293.373
585.2000	-0.000264633	293.295
585.0000	-0.000263531	293.219
584.8000	-0.000265717	293.142
584.6000	-0.000268915	293.066
584.4000	-0.000273254	292.987
584.2000	-0.000271481	292.906
584.0000	-0.000265979	292.829
583.8000	-0.000257684	292.748
583.6000	-0.000252765	292.677
583.4000	-0.000246082	292.589
583.2000	-0.000238379	292.499
583.0000	-0.000235626	292.411
582.8000	-0.000229956	292.33
582.6000	-0.000224469	292.254
582.4000	-0.000218509	292.172
582.2000	-0.000214853	292.09
582.0000	-0.000215277	291.99
581.8000	-0.000218951	291.905
581.6000	-0.00022702	291.823
581.4000	-0.000230618	291.747
581.2000	-0.000237503	291.661
581.0000	-0.000242682	291.569
580.8000	-0.00025054	291.478
580.6000	-0.000254758	291.389
580.4000	-0.00025726	291.309
580.2000	-0.000261911	291.23
580.0000	-0.000261234	291.149
579.8000	-0.000256689	291.062
579.6000	-0.000252982	290.976
579.4000	-0.000249777	290.9
579.2000	-0.000244476	290.824
579.0000	-0.000238995	290.742
578.8000	-0.000236557	290.657
578.6000	-0.000234702	290.551
578.4000	-0.000223816	290.465
578.2000	-0.000214844	290.381
578.0000	-0.000207324	290.295
577.8000	-0.000201346	290.209
577.6000	-0.00019389	290.122
577.4000	-0.000192447	290.036
577.2000	-0.000189706	289.921
577.0000	-0.000183432	289.809
576.8000	-0.00018078	289.725
576.6000	-0.000183282	289.638
576.4000	-0.00018273	289.555
576.2000	-0.000180521	289.469
576.0000	-0.000182474	289.385
575.8000	-0.000179175	289.303
575.6000	-0.0001776	289.206
575.4000	-0.000177939	289.125
575.2000	-0.000175787	289.053
575.0000	-0.00017327	288.985
574.8000	-0.00017066	288.913
574.6000	-0.000166476	288.841
574.4000	-0.000162173	288.771
574.2000	-0.000161377	288.699
574.0000	-0.000159607	288.6
573.8000	-0.000151071	288.517
573.6000	-0.00014537	288.435
573.4000	-0.000142249	288.344
573.2000	-0.000141666	288.252
573.0000	-0.000139441	288.163
572.8000	-0.000143524	288.062
572.6000	-0.000145547	287.969
572.4000	-0.000141968	287.826
572.2000	-0.000140384	287.74
572.0000	-0.000135361	287.652
571.8000	-0.000132755	287.569
571.6000	-0.000128259	287.487
571.4000	-0.000123465	287.4
571.2000	-0.000124603	287.32
571.0000	-0.000120355	287.211
570.8000	-0.000118616	287.102
570.6000	-0.000112537	287.016
570.4000	-0.000110587	286.93
570.2000	-0.000108105	286.844
570.0000	-0.000107928	286.755
569.8000	-0.000108624	286.672
569.6000	-0.000102502	286.592
569.4000	-9.4043E-005	286.463
569.2000	-8.82782E-005	286.387
569.0000	-8.71277E-005	286.313
568.8000	-8.1842E-005	286.243
568.6000	-8.04565E-005	286.171
568.4000	-7.50031E-005	286.102
568.2000	-6.70776E-005	286.03
568.0000	-6.08063E-005	285.933
567.8000	-5.54443E-005	285.843
567.6000	-5.22644E-005	285.776
567.4000	-4.87396E-005	285.702
567.2000	-4.96429E-005	285.635
567.0000	-4.61487E-005	285.569
566.8000	-4.67865E-005	285.503
566.6000	-4.90204E-005	285.414
566.4000	-5.34363E-005	285.293
566.2000	-5.16205E-005	285.227
566.0000	-4.79706E-005	285.166
565.8000	-4.45496E-005	285.102
565.6000	-4.18732E-005	285.036
565.4000	-4.32404E-005	284.972
565.2000	-4.54285E-005	284.91
565.0000	-4.42871E-005	284.795
564.8000	-3.99017E-005	284.734
564.6000	-3.82751E-005	284.676
564.4000	-3.50281E-005	284.604
564.2000	-3.0722E-005	284.535
564.0000	-2.61688E-005	284.47
563.8000	-1.88019E-005	284.398
563.6000	-1.32416E-005	284.276
563.4000	-8.17871E-006	284.187
563.2000	-2.37732E-006	284.124
563.0000	4.82483E-006	284.059
562.8000	1.06049E-005	283.996
562.6000	1.32019E-005	283.94
562.4000	1.50635E-005	283.883
562.2000	9.1217E-006	283.764
562.0000	1.14868E-005	283.676
561.8000	2.11304E-005	283.605
561.6000	2.81158E-005	283.535
561.4000	2.90436E-005	283.465
561.2000	2.67578E-005	283.395
561.0000	2.36145E-005	283.323
560.8000	2.70386E-005	283.202
560.6000	3.49091E-005	283.117
560.4000	4.34448E-005	283.057
560.2000	4.84436E-005	283.007
560.0000	5.05402E-005	282.955
559.8000	5.60425E-005	282.897
559.6000	5.83984E-005	282.841
559.4000	6.42151E-005	282.729
559.2000	7.35199E-005	282.649
559.0000	7.85522E-005	282.597
558.8000	8.1665E-005	282.543
558.6000	8.37433E-005	282.485
558.4000	8.13538E-005	282.423
558.2000	8.05298E-005	282.368
558.0000	8.57025E-005	282.259
557.8000	9.41498E-005	282.186
557.6000	9.69727E-005	282.134
557.4000	0.000101422	282.078
557.2000	0.000105664	282.024
557.0000	0.000115475	281.974
556.8000	0.000128177	281.903
556.6000	0.000138391	281.798
556.4000	0.000141507	281.728
556.2000	0.000148016	281.685
556.0000	0.000156921	281.643
555.8000	0.000164169	281.598
555.6000	0.000169394	281.556
555.4000	0.000167566	281.459
555.2000	0.000162186	281.361
555.0000	0.000160889	281.309
554.8000	0.000168286	281.26
554.6000	0.000173453	281.208
554.4000	0.000175708	281.152
554.2000	0.00017514	281.104
554.0000	0.000177988	281.008
553.8000	0.00018577	280.944
553.6000	0.000190482	280.904
553.4000	0.000197849	280.866
553.2000	0.000204224	280.837
553.0000	0.000208133	280.808
552.8000	0.000209479	280.761
552.6000	0.000209097	280.686
552.4000	0.000213324	280.638
552.2000	0.000218002	280.614
552.0000	0.000224521	280.599
551.8000	0.000230847	280.579
551.6000	0.000230835	280.557
551.4000	0.000232596	280.482
551.2000	0.000234894	280.409
551.0000	0.000239249	280.374
550.8000	0.000247485	280.341
550.6000	0.000255041	280.308
550.4000	0.000260025	280.267
550.2000	0.000264178	280.206
550.0000	0.00026962	280.113
549.8000	0.000274246	280.053
549.6000	0.000285425	280.015
549.4000	0.000294318	279.976
549.2000	0.000299643	279.934
549.0000	0.000300781	279.871
548.8000	0.000305185	279.772
548.6000	0.000309128	279.685
548.4000	0.000314954	279.645
548.2000	0.00032106	279.604
548.0000	0.000321286	279.568
547.8000	0.000323898	279.531
547.6000	0.000332611	279.442
547.4000	0.000331128	279.358
547.2000	0.000333368	279.324
547.0000	0.000336328	279.288
546.8000	0.000342123	279.252
546.6000	0.000345947	279.217
546.4000	0.000346097	279.125
546.2000	0.000347763	279.033
546.0000	0.00034942	278.983
545.8000	0.000353677	278.952
545.6000	0.000357529	278.921
545.4000	0.000360919	278.898
545.2000	0.00035968	278.845
545.0000	0.000361087	278.755
544.8000	0.000367963	278.706
544.6000	0.00037269	278.671
544.4000	0.000382224	278.634
544.2000	0.000387943	278.605
544.0000	0.000394217	278.551
543.8000	0.000398328	278.46
543.6000	0.000407947	278.375
543.4000	0.000416467	278.351
543.2000	0.000421237	278.329
543.0000	0.000423203	278.309
542.8000	0.000420798	278.268
542.6000	0.000423532	278.201
542.4000	0.000425363	278.138
542.2000	0.000429437	278.128
542.0000	0.000432584	278.119
541.8000	0.000431851	278.115
541.6000	0.00043559	278.084
541.4000	0.000449066	278.018
541.2000	0.000456708	277.963
541.0000	0.00046384	277.951
540.8000	0.000471585	277.941
540.6000	0.000479196	277.932
540.4000	0.000482782	277.903
540.2000	0.000484012	277.839
540.0000	0.000490781	277.776
539.8000	0.000492291	277.763
539.6000	0.000496875	277.748
539.4000	0.000503949	277.729
539.2000	0.000505301	277.655
539.0000	0.000510458	277.572
538.8000	0.000513568	277.501
538.6000	0.000518777	277.472
538.4000	0.00052403	277.449
538.2000	0.00052467	277.427
538.0000	0.000531879	277.355
537.8000	0.000536578	277.272
537.6000	0.000538867	277.224
537.4000	0.000540427	277.204
537.2000	0.000546695	277.18
537.0000	0.000558981	277.151
536.8000	0.000567053	277.078
536.6000	0.000579492	276.996
536.4000	0.000586136	276.95
536.2000	0.000590305	276.924
536.0000	0.000601083	276.903
535.8000	0.000607553	276.859
535.6000	0.000610168	276.783
535.4000	0.000611804	276.713
535.2000	0.00061969	276.671
535.0000	0.000631567	276.646
534.8000	0.000637485	276.62
534.6000	0.000643756	276.558
534.4000	0.000649606	276.499
534.2000	0.000655505	276.442
534.0000	0.000668472	276.436
533.8000	0.000681641	276.432
533.6000	0.00069241	276.422
533.4000	0.000699439	276.376
533.2000	0.000705167	276.333
533.0000	0.000713162	276.32
532.8000	0.00071871	276.322
532.6000	0.000726224	276.325
532.4000	0.0007353	276.302
532.2000	0.000738345	276.243
532.0000	0.000739536	276.187
531.8000	0.000738773	276.161
531.6000	0.000739343	276.15
531.4000	0.000743057	276.139
531.2000	0.000748084	276.073
531.0000	0.000759161	276.006
530.8000	0.000772	275.952
530.6000	0.000782227	275.944
530.4000	0.000797412	275.94
530.2000	0.000810791	275.914
530.0000	0.000824374	275.86
529.8000	0.000838528	275.809
529.6000	0.000856418	275.791
529.4000	0.000868723	275.796
529.2000	0.000874634	275.778
529.0000	0.000886179	275.734
528.8000	0.000896896	275.692
528.6000	0.00090509	275.655
528.4000	0.000918536	275.67
528.2000	0.000936472	275.686
528.0000	0.000947107	275.657
527.8000	0.000959698	275.628
527.6000	0.000969427	275.605
527.4000	0.000982742	275.632
527.2000	0.00099729	275.661
527.0000	0.00101118	275.672
526.8000	0.00103048	275.649
526.6000	0.00103888	275.632
526.4000	0.00105606	275.642
526.2000	0.00107184	275.668
526.0000	0.00109388	275.679
525.8000	0.00111583	275.66
525.6000	0.00112574	275.638
525.4000	0.00113806	275.627
525.2000	0.00114555	275.659
525.0000	0.00115894	275.692
524.8000	0.00117034	275.685
524.6000	0.00118009	275.678
524.4000	0.00119023	275.68
524.2000	0.00120303	275.721
524.0000	0.00121788	275.769
523.8000	0.00123732	275.773
523.6000	0.00126136	275.772
523.4000	0.0012798	275.771
523.2000	0.00129618	275.799
523.0000	0.00131341	275.845
522.8000	0.00133182	275.85
522.6000	0.00134888	275.854
522.4000	0.00137128	275.861
522.2000	0.00139127	275.895
522.0000	0.00140642	275.947
521.8000	0.00142237	275.957
521.6000	0.00144294	275.964
521.4000	0.0014618	275.97
521.2000	0.00147556	276.007
521.0000	0.00149489	276.059
520.8000	0.00150739	276.072
520.6000	0.00151748	276.085
520.4000	0.00153222	276.096
520.2000	0.00155034	276.138
520.0000	0.00156632	276.205
519.8000	0.00158067	276.236
519.6000	0.00159963	276.264
519.4000	0.00161152	276.294
519.2000	0.00162617	276.353
519.0000	0.00164061	276.429
518.8000	0.00165492	276.466
518.6000	0.00166326	276.5
518.4000	0.00167306	276.534
518.2000	0.00168485	276.591
518.0000	0.00169867	276.662
517.8000	0.00170966	276.698
517.6000	0.00172384	276.728
517.4000	0.00174217	276.756
517.2000	0.00176111	276.816
517.0000	0.00177739	276.895
516.8000	0.00180122	276.935
516.6000	0.00182568	276.97
516.4000	0.00184453	277.012
516.2000	0.00186174	277.074
516.0000	0.00188046	277.159
515.8000	0.00189256	277.196
515.6000	0.00190726	277.229
515.4000	0.00192419	277.272
515.2000	0.00193503	277.339
515.0000	0.00195045	277.403
514.8000	0.00196439	277.443
514.6000	0.0019798	277.484
514.4000	0.00199973	277.528
514.2000	0.00202049	277.607
514.0000	0.00203836	277.685
513.8000	0.00204975	277.738
513.6000	0.00206562	277.799
513.4000	0.00207961	277.871
513.2000	0.00208774	277.99
513.0000	0.00209949	278.069
512.8000	0.00210706	278.152
512.6000	0.00211165	278.233
512.4000	0.00212048	278.329
512.2000	0.00213305	278.443
512.0000	0.00215056	278.53
511.8000	0.00216185	278.618
511.6000	0.00217625	278.698
511.4000	0.00219349	278.809
511.2000	0.0022054	278.919
511.0000	0.00221503	278.993
510.8000	0.00222075	279.067
510.6000	0.00222954	279.143
510.4000	0.00223652	279.253
510.2000	0.00224893	279.326
510.0000	0.00225735	279.399
509.8000	0.00225934	279.471
509.6000	0.00226714	279.545
509.4000	0.00228315	279.652
509.2000	0.00230014	279.733
509.0000	0.00230998	279.81
508.8000	0.00231634	279.892
508.6000	0.0023215	279.993
508.4000	0.00232423	280.062
508.2000	0.00232708	280.131
508.0000	0.00233144	280.19
507.8000	0.00233375	280.258
507.6000	0.00233548	280.344
507.4000	0.00233925	280.402
507.2000	0.00234559	280.468
507.0000	0.0023532	280.533
506.8000	0.0023584	280.633
506.6000	0.00236847	280.705
506.4000	0.00237438	280.777
506.2000	0.00237784	280.843
506.0000	0.00237902	280.902
505.8000	0.00238189	280.98
505.6000	0.00238117	281.029
505.4000	0.00238125	281.077
505.2000	0.00237859	281.121
505.0000	0.00238048	281.199
504.8000	0.00238099	281.25
504.6000	0.00238363	281.306
504.4000	0.0023862	281.366
504.2000	0.00238696	281.437
504.0000	0.00239148	281.513
503.8000	0.00239463	281.591
503.6000	0.00239814	281.679
503.4000	0.00239511	281.766
503.2000	0.00239377	281.868
503.0000	0.00239573	281.969
502.8000	0.0023894	282.073
502.6000	0.00238284	282.174
502.4000	0.00237838	282.305
502.2000	0.00237601	282.415
502.0000	0.00237485	282.52
501.8000	0.0023688	282.622
501.6000	0.00236642	282.734
501.4000	0.0023582	282.837
501.2000	0.00235544	282.935
501.0000	0.00235413	283.036
500.8000	0.00235362	283.135
500.6000	0.00234718	283.235
500.4000	0.00233539	283.327
500.2000	0.00233025	283.415
500.0000	0.00232356	283.493
499.8000	0.00231659	283.582
499.6000	0.00231244	283.658
499.4000	0.00230263	283.732
499.2000	0.00229162	283.807
499.0000	0.00227617	283.864
498.8000	0.00226684	283.926
498.6000	0.00225809	283.987
498.4000	0.00224624	284.048
498.2000	0.00223679	284.107
498.0000	0.00222667	284.159
497.8000	0.002217	284.206
497.6000	0.00221537	284.244
497.4000	0.00221183	284.281
497.2000	0.00220224	284.314
497.0000	0.00218985	284.331
496.8000	0.00218343	284.337
496.6000	0.00217156	284.335
496.4000	0.00215839	284.306
496.2000	0.00214668	284.28
496.0000	0.00213145	284.239
495.8000	0.00211681	284.183
495.6000	0.00211011	284.1
495.4000	0.00210397	284.021
495.2000	0.00209744	283.926
495.0000	0.00209318	283.807
494.8000	0.00208988	283.653
494.6000	0.00208094	283.498
494.4000	0.00207657	283.329
494.2000	0.00207178	283.143
494.0000	0.00206092	282.935
493.8000	0.00204684	282.734
493.6000	0.00203806	282.533
493.4000	0.00202929	282.34
493.2000	0.00200792	282.159
493.0000	0.00198755	282.021
492.8000	0.00196728	281.914
492.6000	0.0019522	281.852
492.4000	0.00193378	281.826
492.2000	0.00191625	281.869
492.0000	0.00189262	281.97
491.8000	0.00186728	282.132
491.6000	0.00184493	282.342
491.4000	0.00183023	282.607
491.2000	0.00181904	282.919
491.0000	0.00180293	283.259
490.8000	0.00178658	283.601
490.6000	0.00177698	283.953
490.4000	0.00176877	284.293
490.2000	0.00175742	284.597
490.0000	0.00175427	284.87
489.8000	0.00175294	285.127
489.6000	0.00174858	285.341
489.4000	0.00174349	285.503
489.2000	0.00174195	285.639
489.0000	0.00173699	285.766
488.8000	0.00173297	285.869
488.6000	0.00173054	285.94
488.4000	0.00172584	286.005
488.2000	0.00172214	286.055
488.0000	0.00172375	286.097
487.8000	0.00172319	286.089
487.6000	0.00172278	286.098
487.4000	0.00172101	286.089
487.2000	0.00172276	286.06
487.0000	0.00172827	285.976
486.8000	0.00173077	285.903
486.6000	0.00173258	285.806
486.4000	0.00173524	285.663
486.2000	0.00173401	285.496
486.0000	0.00173727	285.327
485.8000	0.00173056	285.134
485.6000	0.00173574	284.894
485.4000	0.00173621	284.653
485.2000	0.00173904	284.417
485.0000	0.00174343	284.171
484.8000	0.00174527	283.885
484.6000	0.00174861	283.63
484.4000	0.00175651	283.376
484.2000	0.00176576	283.112
484.0000	0.00176855	282.854
483.8000	0.00176364	282.633
483.6000	0.00176401	282.427
483.4000	0.00176062	282.204
483.2000	0.00175645	282.02
483.0000	0.00175733	281.874
482.8000	0.00174692	281.753
482.6000	0.00173886	281.628
482.4000	0.00173601	281.56
482.2000	0.00172969	281.53
482.0000	0.00172161	281.523
481.8000	0.00171476	281.554
481.6000	0.00171032	281.65
481.4000	0.00170521	281.793
481.2000	0.00169561	281.941
481.0000	0.00168209	282.155
480.8000	0.00167123	282.419
480.6000	0.00166588	282.688
480.4000	0.00166376	282.951
480.2000	0.00166275	283.26
480.0000	0.00165484	283.563
479.8000	0.00165153	283.817
479.6000	0.0016494	284.076
479.4000	0.00164925	284.318
479.2000	0.00164836	284.506
479.0000	0.00164795	284.639
478.8000	0.00164828	284.777
478.6000	0.00164952	284.878
478.4000	0.00164713	284.91
478.2000	0.00164518	284.936
478.0000	0.00164892	284.943
477.8000	0.00165631	284.912
477.6000	0.00166376	284.842
477.4000	0.00166943	284.781
477.2000	0.0016755	284.692
477.0000	0.00167958	284.533
476.8000	0.00168424	284.36
476.6000	0.00169221	284.16
476.4000	0.00169635	283.879
476.2000	0.00170062	283.533
476.0000	0.00170704	283.154
475.8000	0.00171508	282.698
475.6000	0.00171826	282.165
475.4000	0.0017251	281.607
475.2000	0.00173299	281.026
475.0000	0.00173911	280.393
474.8000	0.00174997	279.777
474.6000	0.00175657	279.21
474.4000	0.00175627	278.689
474.2000	0.00175164	278.235
474.0000	0.00174387	277.906
473.8000	0.00173797	277.66
473.6000	0.00173391	277.496
473.4000	0.00172497	277.446
473.2000	0.00171516	277.495
473.0000	0.00169715	277.575
472.8000	0.00168682	277.687
472.6000	0.00168519	277.828
472.4000	0.00169019	277.921
472.2000	0.00169318	277.98
472.0000	0.00169272	278.013
471.8000	0.00170211	277.964
471.6000	0.00170741	277.822
471.4000	0.0017101	277.633
471.2000	0.00171794	277.376
471.0000	0.00172505	277.044
470.8000	0.0017409	276.689
470.6000	0.00175323	276.306
470.4000	0.00176129	275.861
470.2000	0.00176431	275.399
470.0000	0.00176881	274.962
469.8000	0.00177654	274.494
469.6000	0.00178392	274.044
469.4000	0.00178363	273.65
469.2000	0.00177487	273.254
469.0000	0.0017555	272.906
468.8000	0.00174592	272.637
468.6000	0.00173587	272.443
468.4000	0.00172115	272.304
468.2000	0.0017049	272.276
468.0000	0.00168105	272.329
467.8000	0.00165775	272.451
467.6000	0.00163535	272.676
467.4000	0.00162025	272.972
467.2000	0.00159725	273.308
467.0000	0.00157227	273.69
466.8000	0.0015503	274.126
466.6000	0.00153293	274.54
466.4000	0.0015158	274.947
466.2000	0.00150194	275.346
466.0000	0.00149121	275.676
465.8000	0.00147758	275.951
465.6000	0.00147088	276.197
465.4000	0.0014727	276.35
465.2000	0.00147286	276.436
465.0000	0.00146689	276.49
464.8000	0.00146904	276.476
464.6000	0.00147248	276.419
464.4000	0.0014734	276.345
464.2000	0.00147556	276.244
464.0000	0.00147464	276.121
463.8000	0.00146536	276.017
463.6000	0.00145474	275.91
463.4000	0.00144374	275.819
463.2000	0.00143149	275.772
463.0000	0.00141856	275.746
462.8000	0.00140173	275.757
462.6000	0.00138599	275.826
462.4000	0.00136488	275.921
462.2000	0.00134539	276.055
462.0000	0.00132603	276.242
461.8000	0.00131351	276.427
461.6000	0.00129692	276.628
461.4000	0.0012851	276.846
461.2000	0.00126939	277.045
461.0000	0.00124906	277.237
460.8000	0.00123293	277.429
460.6000	0.00122089	277.579
460.4000	0.00120728	277.701
460.2000	0.00119501	277.801
460.0000	0.00118062	277.863
459.8000	0.00116826	277.899
459.6000	0.00116022	277.92
459.4000	0.00115525	277.912
459.2000	0.00115064	277.889
459.0000	0.00114496	277.856
458.8000	0.00113826	277.816
458.6000	0.00112668	277.793
458.4000	0.00111668	277.802
458.2000	0.00110322	277.816
458.0000	0.0010858	277.864
457.8000	0.00106905	277.942
457.6000	0.00105623	278.047
457.4000	0.00104621	278.187
457.2000	0.00103133	278.349
457.0000	0.00102324	278.525
456.8000	0.0010198	278.718
456.6000	0.0010141	278.916
456.4000	0.00100756	279.113
456.2000	0.00100083	279.31
456.0000	0.000992139	279.487
455.8000	0.00098349	279.66
455.6000	0.000978296	279.827
455.4000	0.000978351	279.979
455.2000	0.000971414	280.11
455.0000	0.00096572	280.208
454.8000	0.00096897	280.285
454.6000	0.000975241	280.337
454.4000	0.000984244	280.356
454.2000	0.000993842	280.333
454.0000	0.00100527	280.265
453.8000	0.00101421	280.181
453.6000	0.00102566	280.073
453.4000	0.0010376	279.966
453.2000	0.00105068	279.86
453.0000	0.00105991	279.761
452.8000	0.00106651	279.658
452.6000	0.00107563	279.579
452.4000	0.00108249	279.504
452.2000	0.00108754	279.432
452.0000	0.00109305	279.362
451.8000	0.00110023	279.283
451.6000	0.00110523	279.215
451.4000	0.00110554	279.159
451.2000	0.00110902	279.119
451.0000	0.0011061	279.139
450.8000	0.00109841	279.222
450.6000	0.00109492	279.379
450.4000	0.00108895	279.629
450.2000	0.0010821	279.955
450.0000	0.00107062	280.382
449.8000	0.00106144	280.887
449.6000	0.00104625	281.447
449.4000	0.00103172	282.054
449.2000	0.00102247	282.675
449.0000	0.00101407	283.28
448.8000	0.00100479	283.876
448.6000	0.000995071	284.426
448.4000	0.000990839	284.936
448.2000	0.000990363	285.392
448.0000	0.0009879	285.777
447.8000	0.000988757	286.13
447.6000	0.000990488	286.426
447.4000	0.000980981	286.684
447.2000	0.000978564	286.922
447.0000	0.000974509	287.119
446.8000	0.000966483	287.322
446.6000	0.000954642	287.495
446.4000	0.00094487	287.665
446.2000	0.000936581	287.835
446.0000	0.000922598	287.972
445.8000	0.000910187	288.132
445.6000	0.00089357	288.271
445.4000	0.000870166	288.409
445.2000	0.000849731	288.557
445.0000	0.000836682	288.681
444.8000	0.000824832	288.819
444.6000	0.000808945	288.944
444.4000	0.000793448	289.063
444.2000	0.000775964	289.19
444.0000	0.000755945	289.289
443.8000	0.000741168	289.398
443.6000	0.000729315	289.488
443.4000	0.000708975	289.572
443.2000	0.000682776	289.674
443.0000	0.000663535	289.746
442.8000	0.000639255	289.842
442.6000	0.000615903	289.921
442.4000	0.000599011	290
442.2000	0.000578876	290.087
442.0000	0.000555695	290.148
441.8000	0.000528775	290.23
441.6000	0.000509726	290.29
441.4000	0.000488608	290.348
441.2000	0.000466919	290.413
441.0000	0.000447452	290.451
440.8000	0.000424905	290.502
440.6000	0.000400977	290.528
440.4000	0.000377167	290.543
440.2000	0.000362982	290.543
440.0000	0.000346097	290.514
439.8000	0.000321188	290.499
439.6000	0.00029361	290.446
439.4000	0.000272839	290.397
439.2000	0.000258011	290.337
439.0000	0.000239291	290.271
438.8000	0.000216739	290.241
438.6000	0.000186041	290.196
438.4000	0.000152777	290.188
438.2000	0.000124896	290.165
438.0000	0.000105551	290.168
437.8000	8.05481E-005	290.189
437.6000	4.72046E-005	290.214
437.4000	1.95587E-005	290.265
437.2000	-9.46045E-008	290.299
437.0000	-2.43622E-005	290.351
436.8000	-4.23828E-005	290.382
436.6000	-6.53717E-005	290.429
436.4000	-8.71429E-005	290.475
436.2000	-0.000114075	290.491
436.0000	-0.000134433	290.504
435.8000	-0.000156012	290.498
435.6000	-0.000183008	290.495
435.4000	-0.000203564	290.46
435.2000	-0.00022446	290.443
435.0000	-0.000246954	290.395
434.8000	-0.000265521	290.33
434.6000	-0.000280646	290.276
434.4000	-0.000293829	290.196
434.2000	-0.000308783	290.119
434.0000	-0.00031698	290.026
433.8000	-0.000324875	289.949
433.6000	-0.000335275	289.845
433.4000	-0.00033851	289.748
433.2000	-0.00034632	289.639
433.0000	-0.000351477	289.525
432.8000	-0.000363965	289.424
432.6000	-0.000370093	289.308
432.4000	-0.000377881	289.196
432.2000	-0.000390787	289.053
432.0000	-0.000400055	288.928
431.8000	-0.000412885	288.788
431.6000	-0.000428009	288.66
431.4000	-0.000443793	288.512
431.2000	-0.000450067	288.355
431.0000	-0.000464166	288.193
430.8000	-0.000477277	288.035
430.6000	-0.000491431	287.89
430.4000	-0.000503284	287.732
430.2000	-0.000511111	287.581
430.0000	-0.000516174	287.425
429.8000	-0.000519366	287.27
429.6000	-0.000524832	287.11
429.4000	-0.000527606	286.975
429.2000	-0.00053324	286.826
429.0000	-0.000537402	286.677
428.8000	-0.000536414	286.522
428.6000	-0.00053725	286.365
428.4000	-0.000538956	286.202
428.2000	-0.000542801	286.041
428.0000	-0.000550858	285.885
427.8000	-0.000559512	285.724
427.6000	-0.000559482	285.557
427.4000	-0.000556699	285.394
427.2000	-0.000554926	285.239
427.0000	-0.000559445	285.085
426.8000	-0.000570563	284.937
426.6000	-0.000576389	284.786
426.4000	-0.000580637	284.647
426.2000	-0.000591879	284.508
426.0000	-0.000598608	284.371
425.8000	-0.000608353	284.236
425.6000	-0.000623056	284.101
425.4000	-0.000629868	283.972
425.2000	-0.000634143	283.833
425.0000	-0.000638391	283.705
424.8000	-0.00064328	283.564
424.6000	-0.000642474	283.437
424.4000	-0.000644675	283.305
424.2000	-0.000653528	283.174
424.0000	-0.00066181	283.036
423.8000	-0.000670438	282.906
423.6000	-0.000674323	282.772
423.4000	-0.000672086	282.65
423.2000	-0.000679172	282.523
423.0000	-0.000685159	282.394
422.8000	-0.000685077	282.252
422.6000	-0.000684891	282.123
422.4000	-0.000682837	281.98
422.2000	-0.000680035	281.831
422.0000	-0.000683969	281.67
421.8000	-0.000686655	281.506
421.6000	-0.000692239	281.32
421.4000	-0.000690689	281.14
421.2000	-0.000692725	280.95
421.0000	-0.000696243	280.764
420.8000	-0.000698376	280.571
420.6000	-0.000699139	280.395
420.4000	-0.000698572	280.224
420.2000	-0.000702383	280.074
420.0000	-0.000703748	279.938
419.8000	-0.000704395	279.833
419.6000	-0.000708548	279.747
419.4000	-0.000716959	279.693
419.2000	-0.000724069	279.653
419.0000	-0.000725565	279.643
418.8000	-0.000728409	279.629
418.6000	-0.000733231	279.646
418.4000	-0.000736774	279.654
418.2000	-0.000742163	279.689
418.0000	-0.000751077	279.697
417.8000	-0.000755164	279.721
417.6000	-0.000751764	279.719
417.4000	-0.000750772	279.724
417.2000	-0.00076041	279.712
417.0000	-0.00076384	279.687
416.8000	-0.000763852	279.652
416.6000	-0.000762372	279.604
416.4000	-0.00076344	279.542
416.2000	-0.000763339	279.473
416.0000	-0.000759412	279.388
415.8000	-0.000759824	279.298
415.6000	-0.000760028	279.204
415.4000	-0.000750058	279.087
415.2000	-0.000748901	278.985
415.0000	-0.000750504	278.857
414.8000	-0.000748437	278.737
414.6000	-0.000739264	278.595
414.4000	-0.000739856	278.458
414.2000	-0.000742703	278.314
414.0000	-0.000741595	278.173
413.8000	-0.000745563	278.034
413.6000	-0.000745383	277.885
413.4000	-0.000748062	277.747
413.2000	-0.000747504	277.598
413.0000	-0.00074639	277.466
412.8000	-0.000750995	277.325
412.6000	-0.000746811	277.189
412.4000	-0.000746201	277.047
412.2000	-0.000740582	276.924
412.0000	-0.000738165	276.797
411.8000	-0.000732431	276.662
411.6000	-0.000725674	276.545
411.4000	-0.000722534	276.423
411.2000	-0.000714374	276.304
411.0000	-0.000714044	276.185
410.8000	-0.00071087	276.079
410.6000	-0.00070965	275.962
410.4000	-0.000704745	275.845
410.2000	-0.000697382	275.738
410.0000	-0.000688773	275.617
409.8000	-0.000684903	275.494
409.6000	-0.000675021	275.366
409.4000	-0.000669028	275.252
409.2000	-0.000665195	275.129
409.0000	-0.00066098	274.996
408.8000	-0.00065527	274.883
408.6000	-0.000651706	274.761
408.4000	-0.000646338	274.645
408.2000	-0.000638406	274.526
408.0000	-0.000636133	274.41
407.8000	-0.000629495	274.289
407.6000	-0.000613815	274.165
407.4000	-0.000594608	274.047
407.2000	-0.000581293	273.921
407.0000	-0.000570398	273.796
406.8000	-0.000557687	273.664
406.6000	-0.000546613	273.537
406.4000	-0.000536023	273.413
406.2000	-0.000525729	273.285
406.0000	-0.000514902	273.161
405.8000	-0.000508481	273.044
405.6000	-0.000499524	272.922
405.4000	-0.000492181	272.799
405.2000	-0.000483624	272.679
405.0000	-0.000481146	272.558
404.8000	-0.000473459	272.441
404.6000	-0.000464001	272.319
404.4000	-0.000457443	272.198
404.2000	-0.000451739	272.075
404.0000	-0.000446585	271.95
403.8000	-0.000432889	271.82
403.6000	-0.00042504	271.696
403.4000	-0.000415424	271.57
403.2000	-0.000403259	271.444
403.0000	-0.000389352	271.313
402.8000	-0.000375501	271.181
402.6000	-0.000362903	271.055
402.4000	-0.000349686	270.921
402.2000	-0.000341595	270.788
402.0000	-0.000330985	270.655
401.8000	-0.000321158	270.519
401.6000	-0.000311627	270.384
401.4000	-0.00030592	270.246
401.2000	-0.000302838	270.111
401.0000	-0.000301797	269.981
400.8000	-0.000298178	269.844
400.6000	-0.000289221	269.709
400.4000	-0.000281741	269.587
400.2000	-0.000271024	269.448
400.0000	-0.000256097	269.318
399.8000	-0.000248077	269.187
399.6000	-0.000232242	269.062
399.4000	-0.000217715	268.945
399.2000	-0.000204248	268.826
399.0000	-0.000201688	268.718
398.8000	-0.000195203	268.619
398.6000	-0.000187296	268.527
398.4000	-0.000185834	268.455
398.2000	-0.000177518	268.4
398.0000	-0.0001715	268.338
397.8000	-0.000167813	268.3
397.6000	-0.00016134	268.276
397.4000	-0.000153534	268.254
397.2000	-0.000146252	268.255
397.0000	-0.000140326	268.276
396.8000	-0.000128806	268.297
396.6000	-0.000118274	268.333
396.4000	-0.000111658	268.388
396.2000	-0.000100888	268.447
396.0000	-8.80493E-005	268.521
395.8000	-7.70599E-005	268.609
395.6000	-6.59149E-005	268.695
395.4000	-5.37079E-005	268.794
395.2000	-4.68231E-005	268.892
395.0000	-4.74945E-005	268.99
394.8000	-3.85345E-005	269.103
394.6000	-3.23486E-005	269.217
394.4000	-2.79755E-005	269.323
394.2000	-1.86096E-005	269.424
394.0000	-8.02917E-006	269.533
393.8000	3.54919E-006	269.638
393.6000	1.11572E-005	269.748
393.4000	2.12708E-005	269.873
393.2000	3.18634E-005	269.987
393.0000	3.44269E-005	270.105
392.8000	4.30145E-005	270.227
392.6000	4.75464E-005	270.361
392.4000	5.15259E-005	270.495
392.2000	5.625E-005	270.634
392.0000	5.93994E-005	270.774
391.8000	6.87653E-005	270.912
391.6000	7.74078E-005	271.051
391.4000	8.56598E-005	271.204
391.2000	9.64111E-005	271.362
391.0000	0.000101236	271.535
390.8000	0.000112512	271.713
390.6000	0.000119778	271.89
390.4000	0.000125674	272.082
390.2000	0.0001315	272.28
390.0000	0.000132278	272.484
389.8000	0.000130676	272.695
389.6000	0.000132547	272.907
389.4000	0.000136002	273.117
389.2000	0.000131299	273.334
389.0000	0.000128766	273.558
388.8000	0.000130054	273.792
388.6000	0.000130115	274.035
388.4000	0.00012659	274.277
388.2000	0.000130737	274.533
388.0000	0.000131879	274.786
387.8000	0.000131488	275.054
387.6000	0.000135245	275.322
387.4000	0.000136453	275.604
387.2000	0.000130115	275.887
387.0000	0.000123807	276.175
386.8000	0.000123874	276.468
386.6000	0.000119937	276.778
386.4000	0.00011817	277.095
386.2000	0.000116986	277.418
386.0000	0.000113257	277.75
385.8000	0.000107254	278.093
385.6000	0.000103293	278.442
385.4000	0.000107959	278.806
385.2000	0.000103854	279.17
385.0000	9.89532E-005	279.554
384.8000	9.35516E-005	279.944
384.6000	8.53149E-005	280.334
384.4000	7.71301E-005	280.748
384.2000	7.41455E-005	281.181
384.0000	7.06635E-005	281.626
383.8000	6.43829E-005	282.073
383.6000	5.82336E-005	282.553
383.4000	5.24139E-005	283.042
383.2000	4.59808E-005	283.54
383.0000	3.66791E-005	284.062
382.8000	2.51129E-005	284.589
382.6000	1.60614E-005	285.146
382.4000	8.77991E-006	285.707
382.2000	2.33459E-006	286.288
382.0000	-9.16748E-006	286.88
381.8000	-1.58112E-005	287.488
381.6000	-2.59888E-005	288.131
381.4000	-3.55377E-005	288.788
381.2000	-4.68994E-005	289.469
381.0000	-5.99243E-005	290.162
380.8000	-7.86163E-005	290.876
380.6000	-9.5285E-005	291.631
380.4000	-0.000104178	292.403
380.2000	-0.000115161	293.2
380.0000	-0.000125461	294.005
379.8000	-0.000138153	294.832
379.6000	-0.000147037	295.705
379.4000	-0.000156952	296.6
379.2000	-0.000165768	297.536
379.0000	-0.000172165	298.495
378.8000	-0.000185214	299.486
378.6000	-0.000205188	300.511
378.4000	-0.000217929	301.574
378.2000	-0.000228143	302.669
378.0000	-0.000238589	303.783
377.8000	-0.000249377	304.914
377.6000	-0.00025928	306.075
377.4000	-0.000269586	307.263
377.2000	-0.000285376	308.496
377.0000	-0.000299405	309.762
376.8000	-0.000317172	311.054
376.6000	-0.000333603	312.379
376.4000	-0.000346136	313.75
376.2000	-0.000364011	315.155
376.0000	-0.000378259	316.599
375.8000	-0.000391879	318.075
375.6000	-0.000407852	319.565
375.4000	-0.000421701	321.085
375.2000	-0.000436111	322.635
375.0000	-0.000446729	324.224
374.8000	-0.000453113	325.85
374.6000	-0.000461548	327.506
374.4000	-0.000473605	329.214
374.2000	-0.000482828	330.96
374.0000	-0.000496939	332.745
373.8000	-0.00050473	334.588
373.6000	-0.000511383	336.475
373.4000	-0.000515738	338.407
373.2000	-0.000534537	340.383
373.0000	-0.000551361	342.406
372.8000	-0.000565155	344.466
372.6000	-0.000582303	346.568
372.4000	-0.000603726	348.717
372.2000	-0.000619015	350.898
372.0000	-0.000638287	353.111
371.8000	-0.000660171	355.359
371.6000	-0.000673386	357.647
371.4000	-0.000683875	359.967
371.2000	-0.000702765	362.313
371.0000	-0.000724359	364.7
370.8000	-0.000735468	367.15
370.6000	-0.00074054	369.65
370.4000	-0.000756149	372.207
370.2000	-0.000770441	374.809
370.0000	-0.000795282	377.443
369.8000	-0.000818488	380.132
369.6000	-0.000847086	382.882
369.4000	-0.00085665	385.685
369.2000	-0.000875195	388.513
369.0000	-0.000901413	391.377
368.8000	-0.000923566	394.301
368.6000	-0.000951093	397.288
368.4000	-0.000974423	400.32
368.2000	-0.00100204	403.385
368.0000	-0.0010204	406.49
367.8000	-0.00105279	409.637
367.6000	-0.00109271	412.835
367.4000	-0.00112713	416.094
367.2000	-0.00117188	419.372
367.0000	-0.00121245	422.654
366.8000	-0.0012477	425.966
366.6000	-0.00128385	429.329
366.4000	-0.00133213	432.746
366.2000	-0.001376	436.179
366.0000	-0.00141407	439.628
365.8000	-0.00146986	443.079
365.6000	-0.00152682	446.558
365.4000	-0.0015791	450.078
365.2000	-0.00164152	453.613
365.0000	-0.00171838	457.174
364.8000	-0.00179365	460.742
364.6000	-0.00187069	464.31
364.4000	-0.00194626	467.899
364.2000	-0.00203067	471.513
364.0000	-0.00210981	475.145
363.8000	-0.00220224	478.768
363.6000	-0.00228363	482.402
363.4000	-0.0023718	486.057
363.2000	-0.0024666	489.724
363.0000	-0.00256653	493.401
362.8000	-0.00267336	497.105
362.6000	-0.00279164	500.801
362.4000	-0.00290512	504.484
362.2000	-0.0030224	508.182
362.0000	-0.00316143	511.883
361.8000	-0.0033246	515.566
361.6000	-0.00348719	519.259
361.4000	-0.00366177	522.963
361.2000	-0.0038483	526.661
361.0000	-0.00404239	530.383
360.8000	-0.00422639	534.124
360.6000	-0.00441996	537.856
360.4000	-0.00463051	541.591
360.2000	-0.00483794	545.346
360.0000	-0.00504014	549.111
359.8000	-0.00526203	552.875
359.6000	-0.00552127	556.634
359.4000	-0.00577782	560.406
359.2000	-0.00604873	564.18
359.0000	-0.00636302	567.98
358.8000	-0.00667766	571.787
358.6000	-0.00700957	575.584
358.4000	-0.00736933	579.362
358.2000	-0.00776655	583.124
358.0000	-0.0081784	586.899
357.8000	-0.00857551	590.671
357.6000	-0.00902264	594.401
357.4000	-0.00946198	598.095
357.2000	-0.00989117	601.794
357.0000	-0.010371	605.481
356.8000	-0.0108713	609.185
356.6000	-0.011387	612.904
356.4000	-0.0119674	616.596
356.2000	-0.012554	620.258
356.0000	-0.0131485	623.915
355.8000	-0.0137845	627.596
355.6000	-0.0144423	631.252
355.4000	-0.0151284	634.865
355.2000	-0.0158108	638.43
355.0000	-0.0165216	641.951
354.8000	-0.0172071	645.445
354.6000	-0.0178692	648.908
354.4000	-0.0185898	652.314
354.2000	-0.0193037	655.687
354.0000	-0.0201134	659.029
353.8000	-0.0209384	662.316
353.6000	-0.0218003	665.584
353.4000	-0.0226812	668.81
353.2000	-0.0235558	671.984
353.0000	-0.0245018	675.081
352.8000	-0.0254511	678.147
352.6000	-0.0263521	681.151
352.4000	-0.0271749	684.077
352.2000	-0.0280075	686.935
352.0000	-0.0289335	689.75
351.8000	-0.0298762	692.487
351.6000	-0.0307826	695.147
351.4000	-0.0316769	697.766
351.2000	-0.032539	700.313
351.0000	-0.0335583	702.792
350.8000	-0.034636	705.188
350.6000	-0.0357277	707.507
350.4000	-0.0366912	709.781
350.2000	-0.0376133	711.991
350.0000	-0.0385605	714.141
