Sample1	F1	F2	F3	F4	F5	F6
1000.000183	-0.000973411	-0.006861669	-0.007245231	0.000199782	-0.000134741	0.001182916
998.9945068	-0.001173636	-0.006636417	-0.006808259	0.001037272	0.000896553	0.002172208
997.9881592	-0.001510766	-0.007569848	-0.007099079	0.000202035	-0.000217388	0.001884855
996.9812012	-0.001436209	-0.006810451	-0.006697291	-0.000283721	-4.98E-05	0.001499909
995.9736328	-0.001019435	-0.007452	-0.007025221	9.83E-05	-0.000187374	0.00072116
994.9654541	-0.001677738	-0.007736745	-0.007733592	0.000301158	-0.000530028	0.000976351
993.956665	-0.000890289	-0.006580225	-0.00709475	0.000463217	-1.77E-05	0.001612268
992.9472656	-0.001241733	-0.006840978	-0.007096635	6.68E-05	-9.60E-05	0.001650463
991.9372559	-0.000289102	-0.006658901	-0.006989815	0.000161429	0.00020649	0.001702747
991.0529785	-0.000309589	-0.007024559	-0.006896983	6.99E-05	0.000491205	0.001388748
990.0418091	-0.002069356	-0.007807889	-0.008510365	-0.000573461	-0.000816504	0.000626919
989.0300293	-0.00125371	-0.006117724	-0.007243806	0.00065178	0.000375172	0.001647683
988.0176392	-0.001574891	-0.007434443	-0.007839364	-0.000484522	-0.000395358	0.001049026
987.0046387	-0.000927229	-0.006952624	-0.007756986	0.000152987	-0.000457164	0.00128704
985.9910278	-0.000764309	-0.006694894	-0.008065671	0.000816278	-0.000122579	0.002034087
984.9768677	-0.000336905	-0.006877976	-0.006983345	0.000282145	0.000290512	0.002332287
983.9620361	-0.001029506	-0.006802754	-0.007710654	0.00056748	1.57E-05	0.001669355
982.9465942	-0.000229703	-0.006740468	-0.006914512	0.000836326	0.000320379	0.001770659
982.0576172	-0.001320453	-0.006794906	-0.007539931	0.000100708	-4.87E-05	0.001405732
981.0410156	-0.001218192	-0.006974175	-0.007201951	5.85E-05	-0.000281703	0.001342786
980.0238647	-0.000731232	-0.006440328	-0.007094801	0.000565433	2.02E-05	0.001613957
979.0061035	-0.001167698	-0.006554524	-0.007173231	0.000258756	-0.000141677	0.001330478
977.9877319	-0.001301355	-0.006745464	-0.007452458	6.77E-05	-0.000467663	0.001020121
976.96875	-0.000708128	-0.00609225	-0.00705986	0.001034495	0.000498306	0.00170953
975.9491577	-0.001579121	-0.006285383	-0.007329233	-2.62E-05	-0.000376633	0.001451312
975.0565796	-0.000599623	-0.006436859	-0.007352242	0.000284865	0.000325146	0.001669718
974.0358276	-0.001706772	-0.007073816	-0.007582415	-0.000289774	-0.000447752	0.00102845
973.0145264	-0.0015232	-0.00673063	-0.007638578	-0.000423702	-0.000349889	0.001224786
971.9926147	-0.001328505	-0.00620863	-0.007372705	-0.000416719	-0.000208487	0.001275565
970.9701538	-0.001314207	-0.005961694	-0.007075395	0.000606621	8.96E-05	0.001392747
969.9470215	-0.001232079	-0.006116805	-0.007125513	0.000515411	-9.29E-05	0.00142012
969.0513306	-0.000577391	-0.006289108	-0.005887438	0.000190485	0.000296314	0.001876016
968.0270996	-0.001736888	-0.007025272	-0.006141001	0.000165702	-4.32E-05	0.001329024
967.0022583	-0.000753043	-0.006153915	-0.00563347	0.000355016	3.04E-05	0.001761821
965.9768677	-0.001036479	-0.006345031	-0.006328245	0.00020996	-0.000149388	0.001850616
964.9508057	-0.001098401	-0.005668629	-0.006719568	0.000914815	0.000357037	0.001822021
964.0525513	-0.000654215	-0.006724768	-0.007195688	0.000458242	6.85E-05	0.001448325
963.0254517	-0.000757952	-0.006105778	-0.007012027	0.000532982	9.16E-05	0.001766292
961.9977417	-0.002049158	-0.006664356	-0.00731951	7.87E-05	-9.54E-05	0.000997807
960.9694214	-0.001476198	-0.006066826	-0.006895251	0.000533682	-0.000239121	0.001627494
959.9404907	-0.001362207	-0.005937437	-0.007634051	0.000108165	-0.000123614	0.001346785
959.0397339	-0.001267132	-0.006374775	-0.007165745	8.72E-06	-0.000174436	0.001486402
958.0097046	-0.001109194	-0.006663388	-0.00727807	-0.000526047	-2.97E-05	0.001493182
956.9790649	-0.001456695	-0.007011212	-0.008241419	-0.000455251	-0.000982968	0.001195868
955.947876	-0.001402925	-0.006487356	-0.007138347	0.000558357	-0.00011585	0.001282652
955.045105	-0.001334698	-0.005940705	-0.007224916	0.00025917	0.000233243	0.001549681
954.0128174	-0.001427437	-0.00643691	-0.007691479	-3.62E-05	-0.000227633	0.001224604
952.9799194	-0.001078002	-0.005957353	-0.007242227	0.000442098	-8.18E-05	0.001432872
951.9464111	-0.00106757	-0.006054114	-0.007481618	0.000354342	0.000106353	0.001278057
951.041626	-0.001318492	-0.00619781	-0.007126735	0.000213664	9.94E-05	0.00171925
950.0070801	-0.001164497	-0.006013012	-0.006879301	0.0007376	0.00021804	0.001471311
948.9719238	-0.001805928	-0.006741437	-0.007898544	-3.17E-05	-0.000405185	0.000768276
947.9361572	-0.001302181	-0.006572984	-0.007710756	0.000245209	-0.00046818	0.001128748
947.0293579	-0.001553741	-0.006209294	-0.007304849	0.001164591	6.00E-05	0.001651191
945.9925537	-0.00133604	-0.006020314	-0.00717761	0.000318799	0.000143717	0.001552513
944.9551392	-0.001336969	-0.005985592	-0.007545477	0.000879071	-1.54E-05	0.001939326
944.046875	-0.00089685	-0.005719471	-0.007034492	0.001369402	0.000209002	0.001710804
943.0083618	-0.001137595	-0.005748849	-0.007037905	0.001245164	0.000509191	0.001444481
941.9692383	-0.001517834	-0.006122625	-0.007340433	0.001013738	-0.000402496	0.00146035
941.0595703	-0.001722913	-0.005971958	-0.007412914	0.001196543	-0.000122216	0.001335126
940.0193481	-0.001431669	-0.00583212	-0.007408995	0.000821517	-0.000301933	0.001357327
938.9785767	-0.00085872	-0.005126317	-0.006753772	0.001242957	0.000336415	0.001852566
937.9372559	-0.001723119	-0.005790231	-0.007802499	0.00077424	-0.000430995	0.001166719
937.0255737	-0.001268835	-0.005502163	-0.00750584	0.000452412	2.93E-06	0.001140297
935.9831543	-0.001107128	-0.004672559	-0.006757901	0.001387787	4.53E-05	0.001731283
934.9401245	-0.000991749	-0.004076896	-0.006898308	0.001823711	0.000619712	0.001965094
934.0270386	-0.001769682	-0.004533685	-0.007424875	0.000887112	0.000180022	0.001775025
932.9829712	-0.001471348	-0.004142541	-0.006921187	0.000896579	0.000236429	0.001614736
931.9382935	-0.000958689	-0.003841214	-0.00664901	0.001660546	0.00061222	0.002206186
931.0237427	-0.001304297	-0.003595136	-0.006805558	0.001025128	0.000481953	0.001834707
929.9779663	-0.001513501	-0.003562068	-0.006869619	0.000794675	0.00026391	0.001319183
929.0625	-0.001617291	-0.002970689	-0.006719874	0.001217621	0.000342736	0.001698408
928.015686	-0.000976046	-0.00322591	-0.006954101	0.000575334	-0.000183389	0.001422925
926.9682617	-0.00084048	-0.002052507	-0.00604232	0.000920833	0.000312012	0.001700383
926.0513306	-0.000970519	-0.001817889	-0.006574667	0.000785988	4.15E-05	0.001781211
925.0028687	-0.001520775	-0.001461287	-0.00690804	0.000546123	-0.000143488	0.001198308
923.9538574	-0.001492141	-0.000404771	-0.006491845	0.000829298	0.000245546	0.001661507
923.0354614	-0.000776506	0.000255622	-0.006254766	0.000778908	0.000175542	0.002072579
921.9853516	-0.001376864	0.000349912	-0.006635907	-5.92E-05	-5.15E-05	0.001086109
920.9346924	-0.001973559	0.000884362	-0.00677146	-0.000111917	-0.000403892	0.001238155
920.0148926	-0.001104236	0.001774557	-0.006093884	0.000502478	3.20E-05	0.001356937
918.9631958	-0.001232957	0.002627072	-0.005812453	0.000345482	3.49E-05	0.001476272
918.0424194	-0.001504266	0.003265726	-0.005923903	0.000120076	-7.94E-05	0.001457052
916.989624	-0.001401635	0.004599093	-0.005695711	0.000135094	6.82E-05	0.001400434
915.9362793	-0.001750449	0.005592903	-0.005496539	0.000168809	-6.58E-05	0.001493259
915.0140991	-0.001706979	0.00674311	-0.005405023	1.33E-05	-1.62E-05	0.001401863
913.9597168	-0.000953937	0.00833822	-0.00482762	0.000375638	0.000217548	0.001787164
913.0366211	-0.001191087	0.009998435	-0.004699755	0.00064885	0.000429091	0.001710804
911.9811401	-0.000753559	0.011205194	-0.004439968	0.0005976	0.000314162	0.001737676
911.0571289	-0.001871401	0.012302683	-0.004475172	2.56E-05	-0.000327024	0.001119534
910.0006104	-0.000968349	0.014775089	-0.003651047	0.000427717	0.000669979	0.001908098
908.9435425	-0.001232286	0.01615539	-0.00339998	0.000519376	0.000429712	0.001665847
908.0181274	-0.001639263	0.018049719	-0.003205354	0.000710218	0.000430879	0.001445156
906.9599609	-0.001083373	0.020556893	-0.002680229	0.00118385	0.000574738	0.001921749
906.0336304	-0.001232854	0.022013178	-0.002769595	0.000357866	0.000255026	0.00151578
904.9744873	-0.001383315	0.024095027	-0.002487699	0.000540369	0.000366311	0.001679983
904.0472412	-0.001627762	0.025981208	-0.002367228	0.000397739	0.000177744	0.001690923
902.9869995	-0.001269713	0.028735412	-0.001720335	0.000509217	0.00035056	0.001650074
902.0588379	-0.001046705	0.030991575	-0.001361485	0.000455107	0.000292688	0.001541498
900.9975586	-0.001246741	0.033867188	-0.000678717	0.000675216	0.000412508	0.001719718
899.93573	-0.0014037	0.035902459	-0.000267165	0.000329058	0.000502012	0.001656518
899.0061646	-0.000655766	0.038345646	0.000474257	0.000464176	0.000562037	0.001946892
897.9432983	-0.001375626	0.040457182	0.00023718	0.000519972	6.30E-05	0.001531497
897.0128174	-0.001150091	0.042551395	0.000572042	0.000701558	0.00052106	0.001720783
895.9489136	-0.001408705	0.045097996	0.001041735	0.000466871	0.000359653	0.00167424
895.0175171	-0.000874634	0.047470413	0.001641785	0.000948825	0.000700288	0.001815705
893.9525757	-0.001395443	0.05016287	0.001740561	0.000419944	0.000547004	0.001286702
893.0203247	-0.001047377	0.052633464	0.002087899	0.001184369	0.000400097	0.001919461
891.9543457	-0.001085542	0.054795094	0.002652777	0.000751161	0.000629459	0.001898895
891.0211182	-0.001223664	0.057179298	0.003355455	0.000410409	0.000360534	0.001755818
889.9541016	-0.001042315	0.05966812	0.003399074	0.000774033	0.000753676	0.001629313
889.0200195	-0.000600243	0.061699629	0.004432581	0.000959643	0.001081853	0.00238559
887.9520264	-0.001121587	0.062995858	0.00411169	0.001062234	0.000649991	0.001886727
887.0170288	-0.001033638	0.064876996	0.004987059	0.001205498	0.00122816	0.002127099
885.947937	-0.000541042	0.066428736	0.005532415	0.001066023	0.001328167	0.002272849
885.012085	-0.000831799	0.067512684	0.005383706	0.000961666	0.001118938	0.001934541
883.9420166	-0.001030952	0.06837558	0.005700005	0.001009197	0.001352549	0.001871388
883.005249	-0.000822343	0.069295339	0.005855958	0.000971214	0.001393007	0.002012111
881.934082	-0.000717484	0.070057109	0.005927697	0.001066075	0.001397058	0.0020744
880.99646	-0.000768289	0.070125163	0.005843496	0.000897721	0.00146861	0.001972843
880.0583496	-0.000844045	0.07052841	0.006005616	0.001349018	0.001449026	0.002354097
878.9857788	-0.000474076	0.070611641	0.00581217	0.001388385	0.001558956	0.002237747
878.046814	-0.000832368	0.07023938	0.005469234	0.001246202	0.00145822	0.001939794
876.9731445	-0.001304555	0.069708757	0.004946422	0.000453137	0.000608073	0.001346421
876.0333252	-0.000637207	0.069313832	0.005638557	0.001517911	0.001413004	0.002373331
874.9586792	-0.000539336	0.068855405	0.005632657	0.001520015	0.001510663	0.002481021
874.0179443	-0.000908217	0.06750425	0.004848197	0.001256016	0.00088527	0.002151422
872.9423218	-0.000451062	0.066912085	0.004641294	0.00112514	0.001121377	0.002299288
872.0006714	-0.000785033	0.065751351	0.004892411	0.00114541	0.001114292	0.002453894
871.0585938	-0.000744773	0.064793535	0.004794511	0.000789618	0.000955855	0.002285314
869.9815063	-0.000958328	0.062759198	0.004274419	0.000928823	0.000616264	0.002115914
869.0385742	-0.00078989	0.062012292	0.004120104	0.00185176	0.001302852	0.002430882
867.9604492	-0.000736607	0.060152236	0.003565634	0.00149526	0.001061638	0.002013385
867.0166626	-0.001407002	0.058026116	0.00286861	0.000252125	6.14E-05	0.001876822
865.9375	-0.000436942	0.056720488	0.003247626	0.001337255	0.001116498	0.002509165
864.9928589	-0.001188506	0.054959022	0.002734148	0.00077647	0.000875776	0.002115029
864.0477905	-0.001136614	0.053083058	0.002039808	0.000656083	0.000602137	0.001841128
862.9671631	-0.00127854	0.051517624	0.00256098	0.001263596	0.001096048	0.002086157
862.0212402	-0.001054091	0.050284512	0.002135319	0.001173571	0.001054527	0.002462615
860.9396362	-0.002316456	0.047548298	0.001083124	0.000334213	0.000565873	0.001302229
859.9927979	-0.000965043	0.046831831	0.001407966	0.001083565	0.00059786	0.001946528
859.0455322	-0.001885731	0.04501874	0.00076436	0.000493719	0.000211074	0.001653738
857.9625244	-0.000668327	0.044130057	0.001206251	0.001447338	0.001412329	0.002156625
857.0144043	-0.001315601	0.041702017	9.04E-05	0.000867191	0.000333436	0.001355743
856.065918	-0.002092027	0.040168568	-9.90E-05	0.00044057	0.000283233	0.001579739
854.9813843	-0.000872412	0.039518483	0.000441425	0.001814717	0.001412147	0.002518668
854.0319824	-0.00173137	0.037423994	-0.000460991	0.000733269	0.000195846	0.001675825
852.9465332	-0.000923509	0.036373757	-0.000395254	0.000845611	0.000766824	0.00194905
851.9962769	-0.000980385	0.035539147	-0.000531528	0.001561008	0.001200541	0.002254166
851.0456543	-0.001593719	0.034190848	-0.001133051	0.000910457	0.000729043	0.002204573
849.9586792	-0.001419387	0.032610897	-0.001303368	0.000696062	0.00057746	0.001904277
849.0072021	-0.001564109	0.032033712	-0.000918601	0.001390644	0.001308304	0.002313445
848.0552979	-0.001595937	0.030789288	-0.001053523	0.000751031	0.001130798	0.002203715
846.9669189	-0.001976652	0.028572075	-0.001696098	0.000218766	0.00029147	0.001279381
846.0141602	-0.001359162	0.027954759	-0.002022053	0.00104215	0.000686987	0.001928665
845.0610352	-0.000775214	0.027181568	-0.001708371	0.001935217	0.001063065	0.002547726
843.9711914	-0.001251903	0.026040161	-0.001749521	0.00162157	0.000885815	0.002165132
843.0172119	-0.001151588	0.02481658	-0.002552349	0.001140297	0.000535626	0.001755947
842.0628052	-0.001525883	0.023936188	-0.003075829	0.000565329	0.000528628	0.001693392
840.9715576	-0.000903102	0.023411715	-0.002277059	0.001422535	0.001177958	0.002234052
840.0162964	-0.001340582	0.022060892	-0.00304812	0.001035819	0.000657302	0.001603954
839.0606079	-0.001264086	0.02127593	-0.002657486	0.001389813	0.000903661	0.002183369
837.9679565	-0.001452979	0.019859882	-0.00366845	0.000522849	0.000703062	0.001908827
837.0114746	-0.000850401	0.019534891	-0.003330474	0.001487571	0.000687454	0.002046752
836.0545654	-0.000820276	0.018601038	-0.003914898	0.001267335	0.00072995	0.001819162
834.9604492	-0.000974393	0.017503088	-0.00419151	0.00123491	0.000284088	0.001453
834.0027466	-0.001058377	0.016948881	-0.004059202	0.001306876	0.000854715	0.002181002
833.0445557	-0.001115236	0.016435785	-0.004086231	0.001271333	0.000896605	0.001946216
831.9490967	-0.000500346	0.016203888	-0.003916899	0.001946112	0.001099344	0.002030992
830.9901123	-0.001285973	0.015197402	-0.004476555	0.001077623	0.000703736	0.001966836
830.0307007	-0.000965146	0.014750156	-0.004274362	0.001543992	0.001008912	0.002045634
828.9338379	-0.000149026	0.014537386	-0.004106489	0.001930979	0.001321831	0.002346471
827.9736328	-0.000687866	0.013726643	-0.004529587	0.001565009	0.000907189	0.001947178
827.0130005	-0.000595331	0.013446604	-0.004752452	0.001372025	0.000755855	0.002119946
826.052002	-0.000639585	0.012982966	-0.00456965	0.001627572	0.001127658	0.002118593
824.9532471	-0.000456078	0.012391262	-0.00469489	0.001777442	0.001053022	0.00213186
823.991394	-0.000173815	0.012157841	-0.004612477	0.001731933	0.001335385	0.00231727
823.0291748	-3.63E-05	0.01182175	-0.004859259	0.001756259	0.001367143	0.002276466
822.0665894	-0.000134172	0.011356998	-0.004943111	0.001790855	0.001166927	0.00222047
820.9660034	-0.000443356	0.010826099	-0.005246179	0.001417341	0.000995083	0.001969385
820.0025635	-0.000450958	0.010328347	-0.005311084	0.001661117	0.001242542	0.002155871
819.0387573	-0.000117455	0.010015336	-0.005019115	0.001559267	0.001234261	0.002176579
817.9367676	-0.000205382	0.009886693	-0.00511675	0.001894735	0.000892896	0.002218545
816.9721069	-0.000254592	0.009946309	-0.005303873	0.002034503	0.001107155	0.002202206
816.0070801	0.000246478	0.009945911	-0.004812003	0.002268737	0.001665067	0.002862096
815.041626	-0.000501949	0.009149239	-0.005683601	0.001643578	0.000498772	0.002144971
813.9378052	-0.000260128	0.008978411	-0.005847137	0.001554903	0.000877851	0.001987068
812.9715576	2.36E-05	0.008919086	-0.005401495	0.001744512	0.001333594	0.002411984
812.0049438	-0.000445683	0.008212316	-0.005531504	0.001603902	0.000992514	0.002245527
811.0379028	-0.000789012	0.008443203	-0.005616043	0.00203406	0.000902545	0.002133655
809.932312	-0.000187477	0.008154257	-0.005526086	0.0016745	0.000871367	0.002252734
808.9644775	-3.32E-05	0.008550218	-0.00566403	0.001494584	0.001041735	0.00237786
807.9962769	0.000295097	0.008968976	-0.004994805	0.001963014	0.001389891	0.002793102
807.0276489	-6.55E-05	0.00812345	-0.005383803	0.001391137	0.001128826	0.002614259
806.0586548	0.000126834	0.008318535	-0.005496539	0.001957033	0.001406823	0.002870851
804.9508057	0.000439714	0.008750566	-0.005336297	0.002717737	0.001386567	0.003015677
803.9810181	0.000129449	0.008253313	-0.005596673	0.002228744	0.001044537	0.002494377
803.0108643	0.000274426	0.008401001	-0.00600617	0.002040432	0.001316794	0.003023159
802.0402832	0.00074932	0.008756641	-0.005373269	0.002241598	0.001823919	0.002996597
800.930603	0.000799499	0.00850006	-0.005402824	0.002687548	0.001562281	0.002666346
799.9592285	0.001222112	0.008326584	-0.005287456	0.002980594	0.001943746	0.003158936
798.9874878	0.000904076	0.008430904	-0.005749003	0.002777106	0.001699577	0.003051025
798.0153809	0.000573494	0.008712295	-0.005584816	0.002839896	0.001655868	0.003094118
797.0429077	0.000800355	0.008638933	-0.00528454	0.003049461	0.00231891	0.003487787
795.9310303	0.001265517	0.008670965	-0.005093776	0.003163134	0.002378146	0.003863948
794.9577026	0.001176816	0.008489105	-0.005561049	0.00262603	0.001975886	0.00344288
793.9840698	0.002411255	0.009364227	-0.004951454	0.003560336	0.002399541	0.004096141
793.0100098	0.001374777	0.008983405	-0.005818941	0.003249217	0.002262831	0.003591317
792.0355835	0.002229082	0.009540209	-0.004957596	0.003767534	0.002678614	0.004451985
791.060791	0.001690014	0.009028651	-0.005504719	0.003628304	0.002418335	0.003908115
789.946228	0.002481828	0.009515284	-0.005299015	0.004444166	0.002813684	0.00433149
788.9706421	0.002282685	0.009480464	-0.005195282	0.004335282	0.002808317	0.004475655
787.9946899	0.003303963	0.009884469	-0.004921816	0.004433758	0.003207594	0.004603645
787.0183716	0.002831923	0.01007526	-0.004943725	0.00397274	0.003168897	0.004631142
786.041626	0.002897457	0.009521898	-0.005406301	0.004398271	0.003095865	0.004591925
785.0645142	0.002718232	0.010184824	-0.004986668	0.004817597	0.00325099	0.004935373
783.9474487	0.003607865	0.010292269	-0.0048396	0.004856076	0.003496737	0.005226979
782.9695435	0.004429913	0.009799259	-0.005421487	0.004592605	0.003124179	0.004887489
781.991272	0.004896652	0.010245223	-0.004857519	0.005326994	0.003366177	0.005178801
781.0126953	0.005156666	0.010612589	-0.004675325	0.005340176	0.00428349	0.005524549
780.0336914	0.005132803	0.010005005	-0.005025615	0.005186555	0.003546895	0.005215059
779.0543213	0.005402498	0.010589857	-0.004902774	0.005545864	0.004049342	0.005685029
777.9346313	0.00552961	0.0103038	-0.004868577	0.005858372	0.003975118	0.005691612
776.9544678	0.005826469	0.010699021	-0.004575388	0.006047271	0.004444009	0.006291796
775.973999	0.005880491	0.010272522	-0.004807088	0.005669556	0.004244409	0.005751231
774.993103	0.005718024	0.010349263	-0.004656784	0.005672204	0.004247572	0.005884348
774.0118408	0.006087775	0.010029349	-0.00459757	0.006124843	0.004291934	0.005874246
773.0302734	0.005763901	0.010049668	-0.004561402	0.005914734	0.004250369	0.006029081
772.0482788	0.005166515	0.009825709	-0.005250731	0.005240079	0.003908507	0.005566761
771.065918	0.005391438	0.009982013	-0.004557765	0.005519988	0.004221485	0.005609816
769.9428101	0.005397807	0.009705595	-0.004793161	0.005545812	0.003911589	0.005872095
768.9597168	0.005557663	0.009415146	-0.004515855	0.006073284	0.00390007	0.005903896
767.9762573	0.005737749	0.009656969	-0.004610581	0.005510418	0.004391341	0.005757396
766.9923706	0.00512002	0.008942472	-0.005091422	0.005406509	0.003995391	0.005748582
766.0081787	0.005160228	0.008987766	-0.004904975	0.005493509	0.004187505	0.005594529
765.0236206	0.005162979	0.008520334	-0.004898679	0.005579845	0.0038599	0.005657046
764.0386963	0.005033776	0.008264103	-0.005027405	0.005338105	0.003787797	0.005595578
763.0534058	0.00513681	0.00806841	-0.005035901	0.005485435	0.003794847	0.005417124
762.067749	0.004890919	0.007855408	-0.004962919	0.005108862	0.003955865	0.005474424
760.9408569	0.005174217	0.007595591	-0.005041018	0.005102969	0.003811429	0.005306764
759.9544678	0.004585359	0.0072633	-0.00527738	0.004797469	0.003396335	0.005185455
758.9677124	0.005377888	0.007556421	-0.004820656	0.005751546	0.004326131	0.005662029
757.9805298	0.004491504	0.006460862	-0.005383803	0.004579917	0.003309179	0.004845422
756.993042	0.003967333	0.006374298	-0.005282085	0.004910684	0.003580877	0.004954617
756.005188	0.004213695	0.00598832	-0.005531709	0.004389747	0.003002671	0.004817466
755.0170288	0.004280563	0.005815476	-0.005560435	0.004226268	0.003204022	0.004595274
754.0284424	0.004398298	0.00598727	-0.005132918	0.004580728	0.003545434	0.005136942
753.0395508	0.004240226	0.005256193	-0.00526091	0.004753291	0.003096777	0.0048093
752.0502319	0.003880403	0.004805504	-0.005780167	0.004225928	0.002974781	0.004506177
751.0606079	0.003723616	0.004924456	-0.00531001	0.004209382	0.00320157	0.004675413
750.0706787	0.003254511	0.004057599	-0.006196994	0.003836604	0.003027825	0.004349061
748.9387817	0.003005929	0.00376957	-0.00588565	0.003708291	0.002751393	0.004411529
747.9480591	0.002951507	0.003575578	-0.00601388	0.003760797	0.002623712	0.003690407
746.9569702	0.003165246	0.003366672	-0.005707157	0.003771633	0.002792789	0.004438308
745.9655151	0.002382805	0.003090912	-0.006318703	0.003377525	0.00215535	0.003619011
744.9737549	0.002660591	0.002756212	-0.006136458	0.003670671	0.002501745	0.004171458
743.9815674	0.002834658	0.002961671	-0.005895711	0.003788763	0.002526766	0.004272197
742.9890747	0.002178244	0.002316099	-0.006110067	0.003526565	0.002284923	0.003706646
741.9962158	0.002175044	0.002406674	-0.006249152	0.003361246	0.002272771	0.003613556
741.0030518	0.002275503	0.002025946	-0.006084746	0.003136251	0.002058508	0.003525261
740.0094604	0.002106263	0.001812143	-0.006357633	0.0028474	0.001880331	0.003688188
739.015564	0.002361436	0.001633444	-0.006293241	0.00306711	0.002209803	0.003710693
738.0213013	0.002175018	0.001581662	-0.006085103	0.003281688	0.002479251	0.003599173
737.0267334	0.001823815	0.001061508	-0.006442368	0.002858317	0.001622895	0.003324439
736.0317993	0.001655115	0.000917487	-0.00638855	0.002728756	0.00166356	0.003282027
735.036499	0.001458117	0.000876269	-0.006391662	0.002636916	0.001580857	0.003201805
734.0408325	0.001628013	0.000793871	-0.006416863	0.00255447	0.001825894	0.003197268
733.0448608	0.001595354	0.000554339	-0.006431044	0.002379656	0.001760054	0.003015677
732.0485229	0.001587923	0.000279788	-0.00640263	0.002706458	0.001670238	0.00322624
731.0518188	0.001528821	0.000513389	-0.006543611	0.002558845	0.001661325	0.003060905
730.0548096	0.001536978	0.000202683	-0.006509084	0.002763455	0.001689676	0.003236907
729.0574341	0.001403135	1.55E-05	-0.006555136	0.002367058	0.001567944	0.003199015
728.0597534	0.001459727	-1.15E-05	-0.006469402	0.002495705	0.001652542	0.003203578
727.0617065	0.001490688	-0.000192859	-0.006725074	0.002478053	0.001429885	0.003109135
726.0632935	0.001262817	-0.000248124	-0.006603223	0.002514294	0.0011791	0.002953774
725.0645142	0.001374517	-0.000287187	-0.00653387	0.002585171	0.001623986	0.002917314
724.0654297	0.001448922	-0.000472421	-0.006597257	0.002129675	0.001338475	0.00296446
723.06604	0.001674032	-8.00E-05	-0.006311203	0.002782498	0.001860417	0.003330464
722.0662842	0.001390748	-0.000181733	-0.006472718	0.002251147	0.001583091	0.00314303
721.0661621	0.001444948	-0.00041103	-0.006698361	0.002343868	0.001484402	0.002876297
720.0656738	0.001619829	-0.00037446	-0.006494191	0.002570536	0.00152069	0.003163916
719.0648804	0.00142482	-0.000676598	-0.006692651	0.002395689	0.001364	0.003078137
718.0637817	0.001313341	-0.000618648	-0.006793988	0.002253567	0.00152786	0.003126291
717.0623169	0.001126645	-0.000702133	-0.006551515	0.002134227	0.001391553	0.00313646
716.0604858	0.001513624	-0.000890341	-0.006687349	0.002192241	0.001307603	0.002811053
715.0583496	0.001303475	-0.000797229	-0.006694436	0.002137765	0.001394591	0.002941082
714.0559082	0.001453987	-0.000905323	-0.006676439	0.002239126	0.00151191	0.002826686
713.0530396	0.001415679	-0.0005519	-0.006580072	0.00249521	0.001586027	0.003001706
712.0499268	0.001506975	-0.000859908	-0.006651101	0.00219336	0.001499857	0.00309975
711.0464478	0.0014042	-0.000884967	-0.006468995	0.002324766	0.001542667	0.003071411
710.0426025	0.001533393	-0.000824048	-0.006605364	0.00242276	0.001451883	0.003174424
709.0384521	0.001516897	-0.000742344	-0.006530249	0.002372914	0.001566256	0.00319925
708.0339355	0.001362313	-0.000992937	-0.006791593	0.002394492	0.001492194	0.002959169
707.0291138	0.001519833	-0.000963338	-0.006528872	0.002169789	0.001722603	0.003056682
706.0239258	0.001229458	-0.000977957	-0.006708149	0.002344779	0.001398539	0.003179561
705.0184326	0.001489441	-0.000779606	-0.006404263	0.002366329	0.001637419	0.003134635
704.0126343	0.001510689	-0.001196921	-0.006883276	0.002384991	0.001407083	0.002893418
703.0064697	0.001572465	-0.000982916	-0.006502454	0.002485551	0.001661481	0.003188688
701.999939	0.00147035	-0.001249167	-0.00684368	0.002463448	0.001435001	0.003120868
700.993103	0.001397811	-0.00116904	-0.006652018	0.002479719	0.001524405	0.003088148
699.9859619	0.001499779	-0.001050269	-0.006639323	0.002511613	0.001531938	0.003091511
698.9784546	0.001575738	-0.001073354	-0.006709729	0.002552257	0.001499701	0.002937902
697.9706421	0.001387709	-0.001315188	-0.006661807	0.002327368	0.001513391	0.003055457
696.9625244	0.001504065	-0.001241578	-0.006628003	0.002300303	0.001651997	0.003164933
695.9540405	0.00166608	-0.001041334	-0.006499853	0.002592071	0.001738404	0.003376638
694.9452515	0.001869568	-0.001206627	-0.006427167	0.002708907	0.001712883	0.003161908
693.9360962	0.001616321	-0.001187215	-0.006687094	0.00265546	0.001696173	0.003373246
693.0708618	0.001512559	-0.001408344	-0.006804742	0.002794327	0.001541212	0.002928312
692.0611572	0.001631313	-0.001533209	-0.006664458	0.002873326	0.001564879	0.003087053
691.0510864	0.001422093	-0.001738331	-0.006773294	0.002774865	0.00157153	0.003275793
690.0406494	0.001358184	-0.001758648	-0.007029551	0.002650694	0.001492584	0.002908323
689.0299683	0.001346343	-0.001688414	-0.006777423	0.00273842	0.001525885	0.003119721
688.0189209	0.001074405	-0.00195918	-0.006978862	0.002386163	0.001398513	0.002961411
687.0075684	0.00166764	-0.001580204	-0.006583846	0.002897691	0.001815497	0.003368603
685.9958496	0.001361741	-0.00193207	-0.006667008	0.002928989	0.001457156	0.003302763
684.9838257	0.001207731	-0.001943358	-0.006876193	0.002720811	0.001586754	0.003151687
683.9714966	0.001489701	-0.001971807	-0.006661145	0.002742745	0.001652932	0.003150722
682.9588013	0.001355198	-0.001687021	-0.006616735	0.002920207	0.001669251	0.003263378
681.9458618	0.000844029	-0.002454959	-0.007001635	0.002375829	0.001263492	0.002909496
680.9325562	0.000783576	-0.002181205	-0.006818044	0.002495497	0.001569036	0.003081239
680.0637207	0.001106999	-0.00204586	-0.006906053	0.00263301	0.001615386	0.003062573
679.0498047	0.001036467	-0.002123249	-0.006656454	0.002790653	0.001702955	0.003151843
678.0355835	0.000503411	-0.002588272	-0.007073562	0.002606733	0.001262142	0.002802898
677.0210571	0.000330508	-0.002634227	-0.007082373	0.002487061	0.001203162	0.002661632
676.0062256	0.000497839	-0.002709557	-0.006890155	0.00247066	0.001266011	0.002996571
674.9910278	0.000487966	-0.002832916	-0.007008105	0.002255753	0.000997418	0.002734903
673.9755249	0.000480839	-0.00284418	-0.007028277	0.002520647	0.00129836	0.002835492
672.9597168	0.000177925	-0.002895148	-0.007156222	0.002439993	0.0012927	0.002691116
671.9435425	-3.70E-05	-0.00322185	-0.007163708	0.002348371	0.001156103	0.002540409
671.0723267	0.000209753	-0.002815736	-0.007005251	0.002142838	0.0012184	0.002982288
670.055603	1.78E-05	-0.003077936	-0.007194975	0.002099292	0.001100278	0.002778226
669.0385742	-0.000148405	-0.003325695	-0.00729594	0.001949336	0.000642214	0.002466234
668.0211792	-3.95E-05	-0.003156375	-0.007017631	0.002141641	0.001129033	0.002936547
667.00354	-7.17E-05	-0.003114279	-0.006978149	0.002526141	0.001277148	0.002946581
665.9855347	-0.000333232	-0.003411384	-0.007208061	0.00202436	0.000994408	0.002728808
664.9672241	-0.000170089	-0.003470863	-0.007213001	0.001988862	0.001044745	0.002723051
663.9486084	-0.000251849	-0.003510305	-0.007300471	0.00216097	0.001078531	0.002491331
662.9296875	-0.000393909	-0.003497415	-0.007196706	0.001912753	0.000962886	0.002523902
662.0560913	-0.000269079	-0.003237626	-0.007026444	0.002349464	0.001158569	0.002982757
661.0365601	-0.000489693	-0.003419808	-0.0072602	0.002034503	0.001137079	0.002621447
660.0167236	-0.0003547	-0.00333895	-0.007071116	0.002107642	0.001286988	0.002828197
658.996582	-0.000304157	-0.003419243	-0.007207298	0.002202934	0.001134094	0.00285579
657.9761353	-0.000338767	-0.003408661	-0.007124647	0.002150121	0.001348031	0.002697993
656.9553833	-0.000685799	-0.003674405	-0.007310347	0.001917953	0.001152729	0.002813319
655.9343262	-0.000675202	-0.003502088	-0.007201544	0.002119946	0.00113656	0.00282223
655.0588989	-0.00036608	-0.003547176	-0.007165796	0.002047611	0.001108712	0.002801361
654.0372314	-0.000339698	-0.003438402	-0.006981256	0.001927963	0.00087186	0.002789767
653.0153198	-0.000542697	-0.003550874	-0.007272674	0.001892655	0.001103184	0.00264723
651.993042	-0.000597813	-0.003551593	-0.007258673	0.002119217	0.00107251	0.002569
650.970459	-0.000558312	-0.003631281	-0.006973156	0.002095781	0.001183357	0.00281556
649.9476318	-0.00084203	-0.003857173	-0.007258113	0.001961116	0.000979334	0.002532989
649.0706177	-0.000670912	-0.003562325	-0.007183365	0.001993257	0.001201423	0.002581603
648.0471802	-0.000461353	-0.003549282	-0.007094445	0.002086339	0.000916398	0.002804774
647.0234375	-0.000679854	-0.003826794	-0.007470321	0.001903913	0.000964702	0.0025025
645.9993896	-0.000503397	-0.0033801	-0.007283518	0.002353238	0.001087977	0.00287403
644.9750366	-0.000252936	-0.003425664	-0.006940905	0.002263429	0.001447104	0.003073158
643.9503784	-0.000709886	-0.003708337	-0.007228276	0.002196716	0.000939537	0.002698149
643.0718384	-0.000519014	-0.003789998	-0.007218652	0.002239828	0.001069345	0.002877417
642.0466309	-0.000580338	-0.003613106	-0.007211422	0.002122053	0.001207497	0.002931127
641.0210571	-0.000985912	-0.003666448	-0.007375809	0.002245995	0.001061145	0.00281147
639.9952393	-0.000804515	-0.003790049	-0.00735662	0.002053384	0.001100252	0.002649964
638.9691162	-0.000660625	-0.003646991	-0.007077687	0.002035127	0.001082423	0.002820536
637.942688	-0.000627075	-0.003727072	-0.007157037	0.002290778	0.001124569	0.002745323
637.0626221	-0.000918653	-0.003725481	-0.007341603	0.002064308	0.000962834	0.002557829
636.0356445	-0.000511361	-0.003490944	-0.007161213	0.002185997	0.001153482	0.002726125
635.0083618	-0.000740018	-0.003680771	-0.007288915	0.00203094	0.0009729	0.002611785
633.9807739	-0.000580183	-0.00357624	-0.007289576	0.00205934	0.001076351	0.002640068
632.9528809	-0.000630694	-0.003518984	-0.007136768	0.002268972	0.001101264	0.002612774
632.0715332	-0.000655611	-0.003410048	-0.007322921	0.00209885	0.001166434	0.002887215
631.0430908	-0.000507483	-0.003451345	-0.007252054	0.002215891	0.00103543	0.002820823
630.0143433	-0.000600346	-0.003441997	-0.007323379	0.002110763	0.001093738	0.002844299
628.9853516	-0.000799554	-0.00356366	-0.007333204	0.001841934	0.001009534	0.002579754
627.9559937	-0.000603914	-0.003179709	-0.00707835	0.002283102	0.000993085	0.002840286
627.0734253	-0.000453648	-0.003019689	-0.00697983	0.002388896	0.001164902	0.003178362
626.0435791	-0.000473041	-0.002983698	-0.006939377	0.002337127	0.001165447	0.002897352
625.0133667	-0.000569067	-0.002927598	-0.007054104	0.002258147	0.001118834	0.002915646
623.9829102	-0.000630538	-0.002841866	-0.007182041	0.002259968	0.001162748	0.003082908
622.9521484	-0.00060867	-0.002776899	-0.007166815	0.002167057	0.000988103	0.002832939
622.0683594	-0.000552314	-0.002434058	-0.00703169	0.002365731	0.0012691	0.003178805
621.0370483	-0.000511154	-0.002372892	-0.006987778	0.002262206	0.001234962	0.002979212
620.0054321	-0.000928417	-0.002222207	-0.007025934	0.002056376	0.00129379	0.003108614
618.9735107	-0.000503552	-0.001919545	-0.006881034	0.002302541	0.001277278	0.003018284
617.9413452	-0.000829836	-0.001723068	-0.006882256	0.002544523	0.001152833	0.003083195
617.0563354	-0.000351286	-0.001551316	-0.006953592	0.002283986	0.001372154	0.003168584
616.0236206	-0.000426857	-0.001257995	-0.006615002	0.002734226	0.001376803	0.00322345
614.9906006	-0.000511981	-0.000930741	-0.00677778	0.002778877	0.001247059	0.003107493
613.9572754	-0.000370115	-0.000561931	-0.006606333	0.002745402	0.001420769	0.003234064
613.0713501	-0.000588093	-0.0005625	-0.006757238	0.002462407	0.001212767	0.003189966
612.0374756	-0.000348182	-0.000205434	-0.006537593	0.002874238	0.001681152	0.003412145
611.0032959	-0.000410409	-7.87E-06	-0.006622803	0.002722843	0.001341981	0.003395448
609.9688721	-0.000403271	0.000304992	-0.00657329	0.002639338	0.001393397	0.003331377
608.9341431	-0.000351286	0.000793041	-0.006362633	0.002877861	0.001709738	0.003540919
608.0469971	-0.000310676	0.001308226	-0.006397886	0.003069039	0.001795013	0.003747637
607.0117798	-0.000601225	0.001677488	-0.006216337	0.003074461	0.001673071	0.00369944
605.9761963	-0.00026375	0.002232699	-0.006026798	0.003182925	0.00183806	0.00383065
604.9403687	-0.000185977	0.002752878	-0.005955617	0.003204308	0.002043371	0.00377495
604.0523071	-3.72E-05	0.003132992	-0.005912821	0.003216148	0.002003659	0.003918589
603.0159302	0.000129113	0.003717063	-0.005882381	0.00327981	0.002032318	0.003899234
601.9793091	-1.33E-05	0.004333373	-0.005763921	0.003267186	0.002127255	0.004193726
600.9423828	-0.000150216	0.005148257	-0.005758761	0.003589411	0.002186985	0.004183245
600.0533447	9.66E-05	0.00584528	-0.005537843	0.003593301	0.002199005	0.00439597
599.0158691	0.000260206	0.006547628	-0.005369792	0.003535543	0.002160735	0.004301189
597.9781494	7.14E-05	0.007435378	-0.005125192	0.003584531	0.002233636	0.00442756
596.9401245	0.000457361	0.008239225	-0.004914701	0.003772887	0.002562256	0.004502201
596.0501709	0.000352529	0.008916154	-0.004843593	0.003692914	0.002416643	0.004621305
595.0116577	0.000502219	0.009665387	-0.004601924	0.004006363	0.002650642	0.004778285
593.9728394	0.000520438	0.010178411	-0.00462979	0.003885626	0.002544445	0.004549781
592.9337158	0.000830361	0.01079688	-0.004526563	0.004257009	0.002875098	0.004916287
592.0428467	0.00067252	0.011044919	-0.004448628	0.004426252	0.002892505	0.004965981
591.0032349	0.000764619	0.011411633	-0.004300609	0.004236881	0.002804201	0.004949145
589.9633179	0.000835574	0.011583051	-0.004250985	0.004304902	0.003038252	0.00504501
589.0717163	0.000687687	0.011208673	-0.004267595	0.004352486	0.00296949	0.005252996
588.031311	0.001060677	0.01117178	-0.004506786	0.004327177	0.003001472	0.00525483
586.9906006	0.000653283	0.010501962	-0.004653301	0.004180841	0.002849797	0.005086992
585.949646	0.000620075	0.010109571	-0.004621492	0.004428187	0.002945408	0.005148834
585.0571899	0.000797165	0.009789489	-0.004450524	0.004561318	0.003130802	0.005239503
584.015686	0.00064605	0.008753181	-0.004914548	0.004329974	0.002661737	0.004979073
582.973938	0.000508284	0.008114272	-0.005177786	0.004032046	0.002527156	0.004957995
581.9318848	0.000568621	0.007914797	-0.004976022	0.004262655	0.002819781	0.004922178
581.0385132	0.000468374	0.007298521	-0.005171903	0.004088589	0.002758609	0.0050117
579.9959106	0.000322374	0.006808474	-0.00506379	0.004344851	0.002789481	0.0050987
578.953125	0.000210892	0.006314567	-0.005468268	0.00423309	0.002765044	0.00506659
578.059082	8.28E-05	0.005621118	-0.005442143	0.004104843	0.002330283	0.0047507
577.0157471	0.000204185	0.00534961	-0.005582924	0.004039649	0.002436609	0.004829062
575.9721069	-0.000129307	0.004792287	-0.005708332	0.004023162	0.002327758	0.00477661
574.9282227	-1.90E-05	0.004660158	-0.005626009	0.004070481	0.002440019	0.004937677
574.0332642	-0.000119421	0.0043716	-0.005877784	0.003919503	0.002345612	0.004749967
572.9888916	7.71E-06	0.004274654	-0.005752272	0.003758108	0.002408626	0.004689229
571.9442749	-0.000277926	0.004020106	-0.005679973	0.003781974	0.002183135	0.004579263
571.048645	-0.000128272	0.004044613	-0.005849794	0.003761084	0.00244093	0.004792732
570.003479	-0.000279323	0.003798216	-0.005851326	0.003625067	0.00230431	0.004704903
568.9580688	-0.00039603	0.003584583	-0.005992486	0.003443637	0.002034659	0.004384674
568.0617676	-0.000355424	0.00355342	-0.006019752	0.003590456	0.001982725	0.004564587
567.0158691	-0.00065835	0.00341752	-0.006019854	0.003495694	0.001942056	0.004347675
565.9697266	-0.000741207	0.003536039	-0.005937692	0.003527662	0.001967773	0.00437832
565.0727539	-0.000602104	0.00365399	-0.005834112	0.003524164	0.00205172	0.004437497
564.026062	-0.001040301	0.003568819	-0.006053705	0.003182273	0.001855608	0.004329268
562.979126	-0.000613478	0.003774453	-0.00595766	0.003357072	0.001977056	0.004449893
561.9319458	-0.000946188	0.003798582	-0.005911493	0.003477219	0.001921749	0.004576725
561.0341187	-0.000999394	0.003928384	-0.005909961	0.003377968	0.001904225	0.004403658
559.9863892	-0.000800743	0.003975405	-0.005883709	0.003201284	0.002001006	0.004429782
558.9384155	-0.000984001	0.004254395	-0.005883045	0.003551045	0.001937245	0.00451507
558.039978	-0.001195114	0.004127892	-0.00595817	0.003320239	0.001955135	0.004508086
556.9915161	-0.001121381	0.004294732	-0.006034866	0.003004782	0.001743758	0.004315908
555.9428101	-0.000860735	0.004456013	-0.005659533	0.003322482	0.001939534	0.004487215
555.0437012	-0.000993712	0.004617825	-0.005735514	0.00336529	0.001970477	0.004604143
553.9945068	-0.000824462	0.004745727	-0.005591869	0.003471035	0.002070004	0.00454196
552.9450073	-0.00094469	0.004830606	-0.005743484	0.003427017	0.002076637	0.004546826
552.0452881	-0.000789787	0.004940557	-0.005699084	0.003438732	0.001920917	0.00463886
550.9953003	-0.001111724	0.004706526	-0.005886978	0.003271777	0.001823711	0.004489098
549.9451294	-0.001108574	0.004609375	-0.00599846	0.003118391	0.00170914	0.004484285
549.0447388	-0.001268422	0.00471626	-0.005976758	0.00323083	0.001519261	0.004438412
547.9940186	-0.001198212	0.004726754	-0.005994171	0.003188115	0.001595042	0.004581251
546.9430542	-0.001069068	0.004589178	-0.005952757	0.003190488	0.001763043	0.004413674
546.0420532	-0.001070927	0.004597052	-0.005847086	0.003260066	0.001819786	0.004409725
544.9906006	-0.001200484	0.004350708	-0.006157437	0.003275741	0.001598601	0.00447589
543.9389038	-0.001148284	0.004466841	-0.005949948	0.003295512	0.001817238	0.004603331
543.0372925	-0.000814643	0.004498775	-0.005845197	0.003499973	0.00187352	0.004666569
541.9851074	-0.001166562	0.004225431	-0.006043086	0.003284974	0.001639212	0.004477878
540.9326782	-0.001065143	0.004315516	-0.005936926	0.003040963	0.001801876	0.004463624
540.0303955	-0.001168111	0.004112604	-0.006220165	0.002825591	0.001542641	0.004333817
538.9775391	-0.001282101	0.004109416	-0.006049213	0.003245904	0.001567503	0.004452351
538.0748291	-0.001050579	0.004241194	-0.006056411	0.00325472	0.001659532	0.004587295
537.0214844	-0.001217934	0.004150628	-0.006081478	0.003278897	0.001665795	0.004491504
535.9678345	-0.001143327	0.00432668	-0.00601868	0.003291443	0.001658285	0.004556557
535.0645752	-0.001153808	0.004456013	-0.005949795	0.003512525	0.00172793	0.00465244
534.010437	-0.001119728	0.004702103	-0.005875843	0.003272637	0.001752595	0.004710529
532.9561157	-0.001179625	0.004765669	-0.005894333	0.003169157	0.001802812	0.004553679
532.0521851	-0.001275804	0.004624497	-0.005960519	0.003192965	0.001486922	0.004477067
530.9973755	-0.000884916	0.00542711	-0.005575053	0.003620159	0.001870712	0.004886075
529.9423218	-0.001088538	0.005554071	-0.005637814	0.00346425	0.001659584	0.004792653
529.0377808	-0.001164497	0.006045932	-0.005654933	0.003266039	0.001874742	0.004690642
527.9822998	-0.00119119	0.006367468	-0.005607917	0.003301407	0.001785994	0.004702601
526.9265137	-0.001300116	0.006905856	-0.005514175	0.003301954	0.001763017	0.00464064
526.0213623	-0.000893802	0.007531768	-0.005232266	0.003583408	0.002032526	0.004948281
524.9651489	-0.001306413	0.007861206	-0.00540804	0.003295433	0.001766032	0.004678998
524.0595703	-0.00101179	0.008896707	-0.005014663	0.003605881	0.002073516	0.004876547
523.0029297	-0.001024806	0.009709406	-0.004983034	0.003673386	0.001922087	0.004912727
521.9459839	-0.000999342	0.01096901	-0.004607661	0.003831877	0.002247999	0.005158421
521.0397949	-0.000877837	0.011806986	-0.004541832	0.003818063	0.002187584	0.005054569
519.9824219	-0.000893854	0.013003344	-0.004344436	0.003787536	0.002213679	0.005215478
518.9248047	-0.000870242	0.014357574	-0.004020527	0.003934418	0.002379473	0.005332104
518.0180664	-0.000949339	0.015734803	-0.00392988	0.003886593	0.002367631	0.005299401
516.9599609	-0.000649304	0.017443558	-0.003520525	0.004017937	0.002437937	0.005277704
516.0527954	-0.000722859	0.019044697	-0.003352102	0.004291202	0.002426639	0.005352257
514.9942627	-0.000528632	0.021017687	-0.002940248	0.004274837	0.002704218	0.005575309
513.9354858	-0.000412013	0.023192093	-0.002519253	0.004757111	0.00291033	0.005893506
513.02771	-0.000243519	0.025087511	-0.002201449	0.004749103	0.003016329	0.006051654
511.9685059	-0.0001453	0.027693398	-0.001717653	0.0049498	0.003130645	0.006035538
511.0603943	0.000128103	0.030112822	-0.00131813	0.005210553	0.00338843	0.006350237
510.0007019	0.000263703	0.032528836	-0.000946963	0.005368034	0.003478497	0.006469743
508.9407654	0.000546901	0.034903858	-0.000525891	0.00566334	0.003879749	0.006838189
508.032074	0.001115434	0.03692726	0.000116632	0.006343565	0.004332249	0.007183603
506.9716797	0.001395422	0.039339449	0.000447125	0.006574669	0.004506622	0.007473431
506.0625916	0.001766968	0.041168921	0.000882961	0.006856202	0.004812781	0.007691832
505.00177	0.002164768	0.043066725	0.001278628	0.007404069	0.00532799	0.008268245
503.9407349	0.002583582	0.044260539	0.001617906	0.007906809	0.005684137	0.008520255
503.0310669	0.002987475	0.04508378	0.002027611	0.008197886	0.006078062	0.009052279
501.9695435	0.003556448	0.045596551	0.002176111	0.008615301	0.006357828	0.009296281
501.0595093	0.004036853	0.045670621	0.002354591	0.009000371	0.006822095	0.009804289
499.9975586	0.004107979	0.045251753	0.002341214	0.009363195	0.007196867	0.010135643
498.9353943	0.004517895	0.044736121	0.00247834	0.010081698	0.007614822	0.010498727
498.0247803	0.004656522	0.043884497	0.002316932	0.0101132	0.007719551	0.010610175
496.9621582	0.005045429	0.043001644	0.002391342	0.010365142	0.00807342	0.010991923
496.0511475	0.005085578	0.041727208	0.002214486	0.01053864	0.008195354	0.011116856
494.9880981	0.005132881	0.040189356	0.002126891	0.010646863	0.008279063	0.011260926
493.9248352	0.005116432	0.038990323	0.001809336	0.010868086	0.008314313	0.011410251
493.0132751	0.005133877	0.037861865	0.00163599	0.010755457	0.00825165	0.011496071
491.9495544	0.004939353	0.036870137	0.001607851	0.010418593	0.008212738	0.01119943
491.0375977	0.004750595	0.036126185	0.001427184	0.010405972	0.008084286	0.01105368
489.9734497	0.004633628	0.035320748	0.001317469	0.010282622	0.007988406	0.011134065
489.0611572	0.004141272	0.034453683	0.000978789	0.009913706	0.007562822	0.010752247
487.996582	0.003881525	0.034380242	0.000854222	0.009832039	0.007354649	0.010522065
486.9317932	0.003611519	0.034265101	0.000651883	0.009372981	0.007204815	0.010080532
486.0189209	0.003453317	0.034462258	0.000770324	0.009326986	0.007014018	0.01016328
484.9536743	0.003200684	0.03494779	0.000602292	0.009139458	0.006604026	0.009960241
484.0404358	0.003088695	0.03558407	0.000689917	0.008780229	0.006555459	0.009537827
482.9747925	0.00290147	0.03674842	0.000926411	0.008683298	0.006554539	0.009522401
482.0611877	0.002998187	0.037748452	0.001057226	0.008644558	0.006374456	0.00944369
480.9951172	0.002984529	0.039161593	0.001230367	0.008840644	0.006458077	0.009493772
479.9288025	0.002921328	0.040355727	0.001227667	0.008648123	0.006314305	0.009361555
479.0146484	0.002993	0.04187379	0.00159564	0.008701019	0.006340387	0.009480676
477.947937	0.003238289	0.043616753	0.001758287	0.008842599	0.006397205	0.009391021
477.0334167	0.003703409	0.045232076	0.002182381	0.009272983	0.006767982	0.009883198
475.9662781	0.003748134	0.046748828	0.00247079	0.009161321	0.006774344	0.009726427
475.0513916	0.003876981	0.047751006	0.002803393	0.009488375	0.007048772	0.010034859
473.9838257	0.004238423	0.04903724	0.002864493	0.009732146	0.007170339	0.010229956
473.0686035	0.004568747	0.050261408	0.003236516	0.010076717	0.007571857	0.010410267
472.0006409	0.004823748	0.051263429	0.003489535	0.01049825	0.007708089	0.01069658
470.9324341	0.005177413	0.052012313	0.003608152	0.01065246	0.007927662	0.010823074
470.0166626	0.005455577	0.052528601	0.003760014	0.010811875	0.008321886	0.011258933
468.9480591	0.005572241	0.052655291	0.003758734	0.011093433	0.00849061	0.011347884
468.0319214	0.005847903	0.052791402	0.003911824	0.011383837	0.0085673	0.011614902
466.9628906	0.0062716	0.052480195	0.004038212	0.011606048	0.008813064	0.011865216
466.0464172	0.006520534	0.05221694	0.004083154	0.012076601	0.009204655	0.012245033
464.9769897	0.006597193	0.051436957	0.004078947	0.012199477	0.009316989	0.012298501
464.0601501	0.006622004	0.050480995	0.003748003	0.012206772	0.009356265	0.012319859
462.9903259	0.00681944	0.049346395	0.003708369	0.012419869	0.009611103	0.012515613
462.0731506	0.006798824	0.048171535	0.003635143	0.012648714	0.009651624	0.012734752
461.0028992	0.007002574	0.046747241	0.003417259	0.012718919	0.009695562	0.012735392
459.9324646	0.006934972	0.045291115	0.003296998	0.01264301	0.009570746	0.012587741
459.01474	0.006726021	0.044216715	0.002968422	0.012478661	0.009581675	0.01244371
457.9438782	0.006578586	0.04283331	0.002732142	0.012424291	0.009279779	0.012320684
457.0258179	0.006583211	0.041726723	0.00259978	0.012289128	0.009276368	0.012202353
455.9545593	0.006373904	0.040728781	0.002311988	0.012069868	0.009090209	0.012092012
455.0361633	0.006088799	0.039940283	0.002150225	0.011994845	0.008827461	0.011792995
453.9645081	0.006011994	0.039223723	0.001902665	0.011701984	0.008638458	0.011584513
453.0457764	0.00565521	0.038864102	0.001647008	0.011422982	0.008286952	0.011321075
451.9736938	0.005562015	0.038703449	0.001556981	0.011221158	0.008090035	0.011122884
451.0546265	0.005471305	0.038867131	0.00155589	0.01115008	0.008081121	0.010996674
449.9821777	0.005152265	0.039010998	0.001543057	0.011001878	0.007865424	0.010754767
449.0627441	0.005029795	0.039109275	0.001495519	0.010896514	0.007697339	0.010685463
447.9898987	0.004994051	0.039342962	0.001452948	0.010767796	0.007664166	0.010365382
447.0701599	0.005029455	0.039742295	0.001466064	0.010707829	0.007614505	0.010430047
445.9969177	0.005051872	0.040265545	0.001629624	0.010777933	0.007657817	0.010372513
444.9234619	0.005218962	0.040701404	0.001704021	0.010875731	0.007684691	0.010421615
444.0032043	0.005062452	0.04087247	0.001616685	0.010856462	0.007628995	0.010304278
442.9293518	0.004982555	0.040997453	0.001581376	0.011010216	0.007688643	0.010417611
442.0087585	0.005499775	0.041431885	0.001968605	0.011206549	0.007973958	0.010721759
440.9345093	0.005558083	0.041323796	0.001945774	0.011193506	0.007966496	0.0105806
440.0135803	0.005418487	0.041121706	0.001918785	0.011252211	0.008083547	0.010687002
438.9389648	0.005444463	0.040777117	0.001705008	0.011410358	0.008128515	0.010703531
438.0177002	0.005435446	0.040206846	0.001750905	0.011580206	0.008081201	0.010746913
436.9427185	0.005739664	0.039786037	0.00168648	0.011476455	0.008332494	0.010841121
436.0211182	0.00570546	0.039302919	0.001609436	0.011759296	0.00835152	0.010836025
434.9457397	0.005837304	0.038531229	0.001497675	0.011834783	0.008233288	0.010997259
434.0238037	0.005629143	0.037758224	0.001387086	0.011859896	0.008267401	0.010892081
432.9480591	0.005534066	0.036796287	0.001116472	0.01152842	0.008166602	0.010742296
432.0258179	0.005542351	0.036163576	0.00117313	0.011737834	0.008216774	0.010743596
430.9496765	0.005257241	0.035347141	0.000869136	0.011548278	0.008086395	0.010661586
430.0270996	0.005515976	0.034732323	0.00096535	0.011589857	0.008181505	0.010602987
428.950592	0.005148441	0.033846423	0.000688154	0.011528634	0.007870854	0.010419097
428.0276794	0.005125443	0.033603564	0.000610328	0.011504338	0.00769747	0.01033736
426.9508057	0.004871835	0.032867804	0.000304293	0.011080395	0.007453364	0.009957433
426.0275879	0.004703281	0.032796137	0.000309033	0.010999569	0.007359704	0.009888574
424.9503174	0.004687842	0.032720853	0.000331467	0.011002197	0.007333797	0.009881794
424.0267944	0.004446572	0.032806605	0.000281057	0.010906043	0.007215738	0.009691406
422.9491272	0.004538062	0.03325069	0.000573546	0.011043219	0.007277436	0.009752953
422.0252991	0.004283412	0.033271201	0.000309914	0.010841227	0.007008914	0.009559367
420.9472656	0.004160115	0.033693798	0.000331778	0.010699418	0.007031355	0.009462897
420.0231018	0.004319046	0.034217093	0.000512508	0.010782178	0.007141707	0.009588238
418.9447327	0.004371077	0.034979522	0.000747246	0.010825728	0.007178365	0.009642201
418.0202637	0.004380594	0.035500772	0.000746753	0.010894204	0.007120418	0.00959181
416.9414978	0.004174045	0.036015533	0.000731999	0.010875094	0.007096184	0.009475437
416.0167236	0.004160428	0.036800962	0.000859202	0.010853648	0.007146944	0.009555212
414.9375916	0.004124259	0.037240803	0.000947216	0.01079083	0.007035906	0.009572439
414.0124817	0.004313843	0.038008027	0.001064803	0.011033554	0.007096	0.009697521
412.9330139	0.004163251	0.038665954	0.00102557	0.01094249	0.007169497	0.009639236
412.0075989	0.00422666	0.039354015	0.001279641	0.01093235	0.007214869	0.009670389
410.9277649	0.004424317	0.039958756	0.001284651	0.011046246	0.007233715	0.009731219
410.0020447	0.004279674	0.040592987	0.001400123	0.011048742	0.007250876	0.009702047
409.0761719	0.004419819	0.04137291	0.001648177	0.011278804	0.007514674	0.009880602
407.9958191	0.004439066	0.042320825	0.001785292	0.01154118	0.007481094	0.010049588
407.0696411	0.004615183	0.042914595	0.001824413	0.011457452	0.007490339	0.009988635
405.9889221	0.00469878	0.043992534	0.001952379	0.0115243	0.007459078	0.01008713
405.062439	0.004781582	0.044874538	0.002103818	0.011719004	0.007559003	0.010131828
403.9813538	0.004682373	0.04575178	0.002292418	0.011646648	0.007631076	0.010166699
403.0545654	0.004846652	0.047010548	0.002495054	0.011922283	0.007811102	0.010246336
401.9731445	0.004835789	0.048417967	0.002656606	0.011966665	0.007825175	0.010369252
401.046051	0.005275084	0.049463805	0.002895528	0.012248468	0.007888041	0.010327658
399.9642944	0.005357917	0.050829794	0.003270838	0.012288729	0.008064322	0.010665353
399.0368958	0.005158762	0.051723067	0.003275533	0.012370034	0.008008868	0.010592908
397.9547729	0.005211915	0.053332616	0.003466286	0.012283696	0.00793515	0.010585321
397.0270691	0.005240315	0.054358304	0.003666964	0.012440301	0.008104856	0.010570044
395.9446106	0.005096552	0.05600423	0.003864601	0.012499681	0.008135187	0.010750707
395.0166321	0.00549634	0.057088476	0.004156796	0.012582092	0.008311912	0.010958444
393.9338074	0.005602133	0.058536485	0.004571991	0.012582145	0.008468516	0.010868431
393.0055237	0.005606513	0.059755534	0.004633916	0.012917252	0.008449828	0.010936437
392.0770874	0.005501872	0.061171498	0.004978601	0.012977872	0.008460492	0.011116324
390.9937744	0.005856352	0.062714487	0.005441343	0.013144518	0.00873361	0.01137156
390.0650635	0.005799263	0.063857794	0.005455315	0.013274823	0.008741666	0.011388089
388.9813843	0.005618129	0.065084979	0.00561944	0.013173282	0.00857031	0.011322696
388.0523682	0.005806032	0.066824853	0.005989947	0.013373452	0.008789342	0.011449877
386.9683838	0.005787537	0.068563364	0.006363449	0.013191	0.00893214	0.011620246
386.039093	0.005623216	0.07025405	0.006641402	0.013408959	0.00884598	0.011523715
384.9547424	0.005751126	0.072360881	0.007149391	0.013536726	0.009001746	0.011744616
384.0251465	0.005979213	0.074189007	0.007482464	0.013662794	0.009266398	0.011785015
382.9404602	0.005794961	0.076151386	0.007768618	0.013636136	0.009291918	0.011863141
382.0105896	0.00587157	0.078615807	0.008267876	0.013901223	0.009332937	0.011949848
380.9255676	0.005623688	0.080798961	0.008426681	0.013695519	0.009159947	0.011806588
379.9954224	0.005787222	0.083156183	0.009110194	0.013794671	0.009419987	0.012080913
379.0651245	0.005680728	0.084761575	0.009339152	0.014050149	0.009303236	0.012133324
377.9796143	0.005807973	0.086834669	0.009611765	0.013958397	0.009335582	0.012135959
377.0490417	0.006034593	0.088767342	0.010083314	0.014190809	0.009674889	0.012344147
375.9631958	0.00586459	0.090222768	0.010262742	0.014222022	0.009632409	0.012367531
375.0323486	0.005772689	0.091383457	0.010330547	0.014210254	0.009566406	0.012274829
373.946167	0.005931765	0.092585385	0.01070247	0.014343153	0.009684444	0.012551422
373.0150452	0.005841974	0.093437798	0.010863733	0.014364826	0.009681665	0.012609726
371.9285278	0.005800627	0.094486512	0.011081722	0.014660425	0.009824227	0.012674619
370.9971313	0.006150862	0.095351622	0.011443897	0.014802996	0.01018811	0.012800411
370.0655823	0.006050263	0.095997356	0.011711053	0.015116155	0.010203348	0.013105218
368.9786072	0.006105154	0.096746698	0.011750519	0.015129691	0.010199665	0.013201994
368.0467834	0.006084887	0.097061656	0.011759828	0.015183328	0.010258157	0.013289956
366.9594727	0.00632137	0.097631112	0.01195054	0.015407734	0.010266081	0.013326764
366.0273743	0.006562265	0.097995177	0.012363482	0.015587336	0.010509441	0.013595135
364.9397583	0.006501168	0.097910516	0.012420482	0.015650181	0.010502917	0.013642145
364.0073853	0.006172208	0.097537868	0.012261728	0.015552644	0.010513233	0.013550293
363.0748901	0.006213012	0.097131029	0.012370886	0.015919508	0.010579963	0.013737705
361.9868164	0.006377713	0.096883051	0.01253842	0.015865458	0.010846721	0.013780963
361.0540466	0.006298073	0.095795266	0.012414142	0.015707023	0.010800835	0.01367754
359.9656372	0.006150336	0.094679073	0.012340925	0.015985355	0.011017331	0.013833391
359.0325928	0.005990183	0.093037374	0.011812359	0.01588922	0.010690822	0.01361498
357.9438782	0.005958008	0.091840245	0.011817866	0.015952619	0.010634687	0.013623474
357.0105591	0.005658987	0.090570562	0.011635215	0.0157752	0.010686551	0.013531839
356.0771484	0.005787642	0.088745147	0.011442595	0.015961641	0.010664319	0.013705938
354.9879761	0.005791419	0.086965226	0.011219272	0.015858503	0.010521322	0.013785773
354.0542603	0.005754353	0.085323773	0.011024845	0.015802609	0.010681086	0.013592197
352.9647827	0.005444174	0.083429918	0.010520898	0.015929954	0.010466878	0.013485241
352.0308228	0.005215216	0.081268519	0.00999139	0.015152073	0.010153608	0.013298231
350.9410095	0.005211994	0.079207942	0.009659987	0.01552045	0.010228737	0.013275784
350.0067749	0.004934221	0.077438265	0.009218986	0.015429942	0.010175258	0.013231242
349.0724487	0.004724164	0.07555598	0.008904818	0.015411516	0.010033323	0.01311469
347.9822083	0.004466971	0.073109552	0.008353736	0.015103424	0.00990261	0.013086678
347.0475769	0.004054542	0.070418224	0.007587241	0.015055585	0.00941422	0.012741709
345.9570313	0.003997062	0.068376161	0.007316712	0.015029483	0.00974795	0.012893786
345.0221558	0.003927079	0.066354088	0.006899517	0.014959414	0.009571142	0.012780896
343.9313049	0.00372782	0.064043358	0.006384097	0.01496279	0.009672031	0.012657803
342.9961853	0.003513935	0.062108569	0.00601118	0.014909688	0.009522322	0.012580493
342.0609131	0.003371811	0.060135558	0.005637981	0.014966514	0.009525682	0.012694183
340.969635	0.003530924	0.058073577	0.005117925	0.014973748	0.009534467	0.0127017
340.0341187	0.003016824	0.05604222	0.004520014	0.014665217	0.009283032	0.0124862